-1608
-4725
-3854
-2097
243
-4360
-1871
-928
-3807
-4730
-2307
-117
-467
-3270
-4477
-2712
257
-4279
-3002
-4408
-2892
-2641
-514
-483
-2337
-973
-345
-39
-2371
-1203
-1639
44
-3294
-997
-4190
-2845
-473
-4149
-175
-401
-778
-4758
-3201
-3107
-380
-3010
447
-915
-30
-2153
-2100
-1993
-1921
-2703
-1943
-1432
434
473
-863
-520
-2548
-2973
-4430
-4898
-2444
-2189
-3298
-529
-35
-443
-4235
-553
-3048
-2874
-2016
-3060
-379
-4058
-265
-1077
-2877
-4673
-208
-2226
-4507
-2009
-490
-3863
-35
-2352
-227
-4995
-236
-1871
-486
-1546
-3944
-3967
103
-110
-1394
-4862
-984
-1720
-2650
-1777
-4256
-3833
-2893
-2604
-2502
420
-3804
-2329
440
335
-203
-3632
-3480
-586
-4295
-3110
-911
264
-2525
-178
-1843
-2447
-2775
-341
-3823
-4562
-4058
-3832
-4074
-3615
-2861
-2691
15
-617
-778
-1085
-3925
-1077
92
-4573
-4756
-3728
-3863
-1947
-1594
289
-4954
-770
-2676
84
-2284
-3115
-2072
-4098
-2527
-3099
-2323
-645
-1873
-4702
-4642
-1258
-4772
-3032
-1067
-422
-4002
-420
-244
-2238
49
-4265
-633
-2513
-4909
-1503
-4768
-846
394
-2590
-4147
-854
-1726
-3280
-1461
-118
-879
-3007
-3871
-1101
-3876
-743
-4915
-1620
-3981
404
-70
-2993
-3606
-4564
-34
-1889
-2466
-79
-3691
-4086
-2160
-2230
-689
-1064
-1779
-3671
-1971
-4050
-1287
326
-4615
353
-4568
-1663
-1792
-3305
174
-1096
-676
-780
-526
-2084
320
-4173
-1423
-1682
-3856
-3890
-4941
455
-4091
-2029
-247
-3787
-384
-1056
497
201
-3441
2
-2417
-1326
-2679
-1314
-1026
-4869
-3419
-3051
-3567
-763
-1482
-3445
-4987
-2501
144
-4193
-2747
-936
-1121
-4307
-3560
-4499
-4306
-2747
-956
-2217
-2857
-1987
-4308
-801
315
-475
-4433
-2376
-1372
-3545
-3924
-3585
-4419
-301
-191
-763
-2718
-4344
-4014
-2226
-847
473
-4115
-1192
-4675
-1235
-4706
-633
-628
-3203
-1397
166
-1457
-4175
-1652
-2100
-2309
-2987
-1150
-4239
-3599
-2742
-4126
-1900
-280
-2654
-3621
-2685
-4794
-1238
-167
-2831
-1265
406
22
-2420
-164
-1925
355
-2289
-4245
-4474
454
-3246
-1699
-1232
-928
-4603
-4185
3
113
-243
-4182
-4339
-4907
-2063
322
-4627
-743
-3761
-843
-2696
-4134
-3174
-411
-4095
-4750
68
-3890
-4010
-4249
-85
166
-4380
-3812
-4252
-4213
-3478
-4781
-3325
-2743
-3418
-29
-3474
-2565
-1927
-77
-1907
-3638
-1635
-3516
-1997
429
-1985
122
-3650
-3774
-4730
-4633
318
-3937
-1218
-4582
165
223
252
-906
-3903
-1023
-800
-3098
-1095
-1399
-1962
-4021
-1652
-4481
-3802
-3919
-4974
-851
-2532
-1025
-1005
-3078
-688
-4224
57
-4528
-1972
-3401
-2910
-583
-4059
-1170
-4045
-1626
-4293
-2898
440
-4636
480
-4744
226
-4381
-4137
-4713
-3446
-2127
-3881
-1059
440
-4670
-2558
-4992
-3881
-4698
-3062
-2334
-4062
-308
-679
-1117
-2593
-2253
-3334
-157
425
-4110
-4431
-806
-1864
-4264
-2553
-2322
-2429
-4374
-4856
-2436
-2746
-960
-4005
34
123
-3849
-3857
-2114
-2133
-4848
-4470
-1011
-474
467
-456
-975
-2988
-3775
-3737
-4707
-2716
-4496
-1136
-405
-1649
-1574
-536
-1990
-4983
-4927
-3049
-2547
-942
-1102
-4334
-3415
-3433
246
-2088
-2875
-1195
-3879
-267
452
-2735
-91
-3708
-770
109
-1409
-4903
-3499
-2234
-2786
-389
-1927
180
-3122
-143
-43
-610
-2406
-1438
202
-4864
-2996
-4195
-43
-2912
-4119
-4530
-1376
-4555
-912
-4835
-873
-1888
-438
-2753
-2816
-912
-2580
140
-1205
287
-239
-2876
-3336
-3980
-123
-3874
-2326
-1755
-1260
-910
-4092
-2754
309
-4315
-662
-1296
-4463
-2388
-1352
-1416
-3428
-4242
-3472
-90
-1620
390
-3169
-1697
-3845
-4009
-4114
213
-501
-1956
-2077
-2624
-4828
-1538
-4664
-4754
-3684
-2758
-1631
-1200
-4344
-1911
148
316
-2352
-1273
-2624
-384
-2575
-1758
-171
-3102
-1923
-31
-3829
-2255
-232
-2500
-243
-3683
-3505
-3720
-2463
-4750
-4416
-4433
-4594
-1470
-4490
-944
-1286
-4211
-1338
-1787
-2093
-2538
-3522
-1733
-4705
-3895
-40
-603
-4510
-2819
-1103
-4509
-729
-567
-3020
-3052
-3173
-3274
-257
-1870
-4236
-386
-932
-4244
-2867
-4592
-1506
-1304
69
-4983
89
-2826
-1247
-3705
-2655
98
-1273
-536
-4137
-749
-3772
-900
-2349
-2907
-156
-1609
-962
-2999
-1395
-4917
47
-2658
-4178
-3587
-4143
-453
-2678
-3971
-2084
-703
-2794
-1681
-3360
-4125
-3917
-3041
-4788
-1327
-1557
-1729
-2122
-3097
-3870
-1991
-1777
-1264
-4025
-2230
-1876
-4349
33
-1739
-2692
-187
-1866
-1173
-2282
-1168
-1051
267
-4830
437
-544
-1944
-1447
-4161
-3296
-3959
-1033
-1277
-2301
-691
-1595
-1751
-1463
-4248
-3353
-4966
-3117
-2479
-1167
104
-1439
-398
-1111
160
-2883
-2612
-3364
-3639
-923
-2829
-4258
-756
-4038
-17
491
-2807
-620
-4672
-1636
-502
-554
-4406
-2253
-2556
-4025
-4190
-3245
-1621
164
431
-2286
-3666
-1906
-2845
-1370
-2699
-4525
-1192
-905
-61
-4918
-460
-4071
-3682
-128
-3750
-2534
-1722
326
-4503
-3096
-234
-2533
-3946
-2483
-4635
-591
-2670
-4300
353
-1761
-1182
293
-3958
-972
-104
-3224
-1445
73
-4938
-1256
-675
-1411
-361
-4367
-1576
-4939
-4583
-528
-4617
-1056
-18
-3934
-1185
-1106
-145
-3473
-4018
-4683
-4536
-576
-4983
-4320
-1596
-2520
-2393
128
-819
-1246
-4590
-2072
-2687
-3763
-271
-2361
-1140
-1244
-3756
-3197
-4330
-639
-3701
-3636
-3765
260
-2474
-1447
-3777
-4948
468
-4566
-90
-825
-297
-3959
200
-443
-329
-20
-4118
-149
-3187
-1949
-1644
-2678
-1739
-4138
-4634
-3540
-234
-1930
-1117
-80
-3061
-1594
-3214
-4521
-1881
-1222
-236
320
-2261
-4450
-850
-246
461
-4787
-3448
-1689
-934
-2574
-1935
-2341
-4940
-2457
-2818
-540
14
-4226
-2128
-4750
-3911
-60
-2798
-4346
-3620
-3037
-4327
-4354
-3930
-3610
-3239
-1760
-2172
-2167
-791
362
-2178
-1546
-3130
-389
-1427
-1958
34
-2453
-1142
-564
-4379
-1394
-3546
-3067
-4984
-3230
-4923
-3885
155
-3799
-1362
-638
-4280
271
-1705
-396
-1767
-4880
-1071
-4987
-3461
-97
-395
-1794
2
-1393
-3453
-868
-2259
-2252
-3563
-1056
-820
-3248
-2582
-1666
-1749
129
-3183
-1875
-3915
-4433
-2620
-3165
-1946
-3596
-4990
-3269
-3976
-2676
-4424
-1311
-2684
-2568
-2036
-1249
-3395
-691
-3677
-2426
-2091
-4655
-2869
256
-2605
-3846
-4748
-183
-2190
-4887
301
-4677
-1215
-155
-2298
-4432
-4182
-1176
-3489
-322
-4486
363
-4939
-1930
-2469
-1230
-3801
-2637
-214
-2767
-4299
-3281
-4041
-4277
-362
55
-890
-1831
-2465
-2755
-662
-2069
-1790
-2077
-49
-3369
-349
-3065
-3749
-4531
-3383
-2945
-3425
-1762
-505
-1435
-2814
-956
-1070
-954
-2929
-1395
-3924
-3690
-3660
-4150
-2307
-4043
-4718
-4119
-4104
-20
-46
-2246
-1612
-3253
-4429
-435
-1674
-3868
-3826
-1129
-2272
-3029
-50
-2539
-1641
196
-3942
-4719
-377
-835
-4538
-3507
-1067
-2866
-89
-3314
-4026
-1593
-3472
-3577
-2468
-4519
-4028
-1001
-1110
-732
-4761
-2741
-17
-3037
-2080
-1071
-3476
-636
-2556
-4117
-3248
-2649
-4940
-4299
318
-2288
-1925
-200
-2939
186
-1729
-873
-2914
-2302
-2551
-1419
-3817
-823
-4455
-1373
-4263
-4680
-4938
104
-222
-3201
-1297
-657
-1381
-4046
-546
-687
-3884
-974
-1286
-980
-4493
-369
-1949
-740
-97
-1808
-2111
-1522
-4625
284
-185
-1139
-3739
-3151
-4628
-2326
-3649
-2816
498
-3213
-1790
-1790
439
-1379
-3933
-2049
-2117
-109
-4298
332
-1162
-3681
-3088
-4713
-2296
-1315
-531
-1370
-4109
-4234
-359
-776
-3973
-1662
-2552
-3521
-2891
-2784
-899
224
-187
377
-2090
475
-53
-1826
-3423
-3282
-4103
-218
-4216
-3095
186
-1511
-2623
-3243
-3427
-4020
-853
-4830
-3936
-426
-1253
-1017
-2190
117
-3049
-4709
-1336
-4093
-2585
-4853
-544
-4583
-782
-3814
122
109
-52
-4582
-328
149
-4264
432
-4826
-3524
-4526
-1322
-2764
-390
-4724
-3386
-3333
-817
-1697
-3894
-2503
-3625
-373
-2541
-748
-1566
-2141
-2967
-1819
-1715
-11
-833
233
-4443
-4279
189
-1141
-1989
-3825
-3271
-2456
-4758
-2718
-1839
-3706
-4732
-1218
-4602
-4440
-3530
-4248
-4162
-2796
-3954
-731
-2494
-4216
-2342
-333
-1671
-405
-3349
-3791
-3376
-2577
-1542
-1700
-3153
-4435
-1034
415
-1758
-153
-3351
-4661
-4746
-3560
-424
-3786
-4342
-3715
-2212
-1956
-2023
-4969
-4143
-1833
-372
-1498
242
-88
-4021
345
-3964
-4157
-3052
-355
-2507
-4673
-4064
-68
-352
-2040
-4036
-2648
82
-3961
-561
-3636
-4899
-2407
-4931
-1354
-3924
-4197
-1227
166
-4576
-4568
-615
-3656
-4686
345
-2237
-4397
-2942
-1066
-3829
-4458
-4430
-3204
-2794
-2885
-1441
-3805
-1003
-2682
-2932
-1915
-507
-3686
-1804
-3221
-1279
-2843
-4503
-4536
-4391
-598
-4812
-1024
-1589
322
-1531
-3073
-3913
-2662
-3324
-3185
-2056
143
-1487
-856
-4763
-399
-545
-651
-1176
280
-3976
21
-719
-893
-747
-4248
108
-1311
-969
419
-3460
-1522
-3121
-3081
-2855
-4665
-2439
-802
-1352
-3243
-1899
-3120
-3777
278
-349
-3163
70
-2700
-2134
-3275
-1286
-4998
-2708
-1668
-2487
-3077
-4293
-3032
-2754
-881
-1594
-1283
-2648
-2692
-3535
-2489
-488
-3282
-3159
357
-1089
-4506
-3160
75
-4381
-364
-2696
-1304
-3664
-2894
-153
-3565
-2637
-1191
-1208
-2119
-4640
-612
-3830
-3553
-1848
-4422
-814
-4076
-3161
-2740
-4147
-2374
15
-3095
-3531
-2667
-4020
-603
86
-931
-1524
-3649
-1779
-823
-4711
-511
-3696
-18
-1817
-4197
-1266
-888
-2672
-178
-2443
-136
-3710
-4809
-1924
-3538
-2946
-1582
-4259
-3247
-4701
-554
-1497
-3390
103
-2379
-975
147
-274
-4352
-3091
-855
-537
-4594
-1404
-4397
-1235
-3602
-4962
-1702
148
-27
-2486
-1024
-1979
-415
-3972
-3365
-1897
-4641
-1334
-1407
-2951
-9
-3921
-3146
-527
-4532
-336
-2401
-3892
-772
-1618
-1657
-1366
427
-2130
354
-3898
-908
332
-3916
-1018
-4697
-2139
-1568
-1608
-139
247
-3495
-693
-4459
-177
-4045
-3839
-2339
-2615
-696
-2741
-1885
-1926
-764
-2288
-1254
-1581
-1041
-3348
138
-877
-1208
-1864
-2495
-2360
-2829
-346
-1634
-2373
-4890
-1156
-710
-2475
61
-217
-3138
-3453
-2845
-3455
-2147
-1471
-4232
-1990
-3794
174
-170
-2957
-1682
-4005
-3251
-1945
-4451
-4203
-981
-1292
-4050
-2612
-1345
-1945
-3047
-377
-655
-3151
364
-4946
-1597
-138
-2887
-2379
-2814
-2812
-1243
-2711
-211
-1617
-2736
-4669
-3800
235
-3238
-2866
-3666
-3481
-3333
-2896
-2845
-280
-671
-3355
-942
-3284
-2759
-959
-1207
-3041
-2576
-310
-4072
-3507
-4066
-3762
-4938
324
-764
-1735
-4254
-3506
14
-3112
-950
-3114
-2449
-3513
-1665
-2214
-2995
-497
-190
-4870
-4524
-3166
-3107
-782
-2692
49
-3168
-3579
-4100
-3416
-153
57
-4864
-1952
-4915
-4206
-1967
325
-3144
311
-756
-4928
-1012
-1041
-1718
-4603
-1460
-245
-4511
-2549
-3795
-1806
-4114
-2708
-4271
-3458
-2457
-1740
-144
-4809
-3186
-1443
-735
-850
-1769
-1717
-1436
-3966
-719
-3733
79
-3573
-1779
-1146
-998
-519
-2603
-3053
-574
-1787
-919
-4412
367
-3519
-4734
-2396
-256
-88
-1484
305
323
-827
-2412
408
-531
-2652
343
-1540
-2784
-543
-8
-2842
-1380
-2782
-4070
-4594
-1453
-4119
-3502
-2477
-3462
-3534
-203
-329
-226
-81
-4989
-2636
-3599
322
-2899
-1606
-4792
-4219
-299
-3305
-374
-327
-3376
-2546
-3140
-693
-1786
328
-4769
-1878
-2990
-4971
-4002
-653
-259
62
-3788
-4876
-3889
-4603
-4019
-3241
-919
-3664
-1338
-3787
-2469
137
-3872
-85
201
-411
-3128
-2296
-722
-4315
-1241
-1824
452
-4218
-1322
-1455
-3926
-1393
-2816
-2010
428
-2280
-1839
-906
436
-845
-1713
-4675
-4073
-3680
-1635
-3282
-3501
-4725
-893
-2911
-4548
-1638
-1556
371
-2218
-3249
-724
-630
-4315
-3613
-2107
-12
-1366
-916
-202
-331
-304
-2285
-399
-3556
-3261
-1612
-175
-897
-1962
-4048
-4216
19
-1991
-4311
242
-153
-4433
-939
-3514
-2819
6
-1302
-3958
-3401
-4335
-129
-3510
-1744
131
-2714
-3989
240
-4094
-678
-434
-4950
-38
-1297
-754
-2632
-463
-4381
-3354
-1902
-1152
-1739
-675
-175
425
-2503
-3556
-3643
-745
-2168
-4328
-338
-3948
-4805
-1591
-754
-2571
-1272
-299
-818
-3906
-1990
-3072
492
-2753
-3132
-985
-2694
-1970
-1813
-3386
38
-4779
-4149
-422
-2657
384
-1584
-19
-4230
-215
-1562
-3070
-3583
-4341
-4180
-2497
449
-3696
-915
-4181
34
-2297
-384
-2755
-4129
-4526
-910
-4171
-3668
-2877
-4812
-591
-2295
-1683
-584
117
275
-1313
-1559
-2091
-2106
-1122
-4416
-771
285
-620
-3467
-2399
-4956
461
-3149
-3813
-240
-3686
-4655
-1441
-966
-4720
-2121
-1170
-1497
-4595
-2674
-148
-2703
-4569
-4207
-3961
-4456
-4352
-4521
-2179
-4975
-3079
-1133
-1327
-3952
-3113
-2337
-913
73
-4371
-3195
-2997
-4714
-1636
-2367
-4007
286
-436
-2948
-4303
-4117
-2338
52
-4064
-2675
-476
-1268
-4044
-4715
-2484
-3670
-3395
-3126
-1293
-2915
-4936
-3080
-4885
-3344
-1425
-2604
-1702
-1750
-3019
-1252
-203
-3420
-3838
-2280
-917
-4608
-3349
-2440
-1546
-3534
-3116
-1274
-4899
-4411
15
-2770
-4303
-1857
-3485
-4851
-4284
-621
-3335
-2158
-2003
-2724
227
-1431
-2581
-85
-58
-3553
-3514
-1665
-516
-2533
-4802
-3209
-2322
-454
-3498
-3662
-4767
-4425
424
-465
-772
-3068
-2718
-3557
-402
-816
-2510
-3230
-1522
-1028
-838
-3289
-1103
-2902
-1516
-3794
-1938
-4405
-114
-3146
-884
-1646
-4713
-2185
-1314
-4819
-2879
-2538
-1111
-809
-3029
-2576
101
-1361
-1320
-1056
-1482
-2774
156
-2198
-1216
-4715
-1976
-1527
-57
-1826
-1924
-266
-820
-2112
-1981
-2920
-583
-1465
-1836
-4388
-494
-3611
-1501
-3535
-1506
106
-2736
-4345
-4370
-1063
371
-3539
227
319
-2654
-3422
-682
-1364
-1558
-346
-3774
-3558
-3971
-2981
-1028
-2832
161
-475
-3088
-1857
416
-4334
230
-1207
-930
-3567
-4377
-369
-4360
262
-2799
-2867
-2762
-3431
-1769
-1383
-1256
-394
-4102
-3399
-4724
-878
-622
-1969
-1449
-1662
-948
-1501
-1383
-4581
-4358
-4841
-1250
324
-1667
-4613
-4585
-190
-1171
-4361
-1704
165
26
-2290
-1313
-4942
-78
342
-1806
-535
-4084
33
-141
-4986
-4848
-4393
-3615
83
-4073
-4800
-4282
421
-563
-83
-364
-3593
-142
-325
-4826
-2796
370
-1886
-3449
-4595
-1002
-4895
12
-2378
-3628
-1294
424
-3756
-2074
-1174
-4441
-308
-2543
8
-3898
-4802
-1956
-2264
-4891
-1779
-3427
-2018
-4133
-1683
-3027
-2818
-4885
-598
-185
-611
-2105
-600
-2519
-1968
-4357
-1461
-4072
-3161
-4996
-3880
-3888
-1292
-2987
62
-463
-2452
-769
-4450
-1917
-1312
-261
-2809
-2080
6
-3421
-993
-2427
247
-1482
-4889
-4140
-4120
-1752
-3553
-1221
-3079
-334
-4690
-4991
-3512
-27
-1141
-209
-4541
-2783
-3261
-3168
-2490
-4977
-375
-561
-4184
-2879
-1138
-3311
-3731
-1447
-3466
-1793
240
142
-1797
-1425
-4386
-2818
-778
-3083
-2004
-1340
-450
-3854
-1175
-1082
-696
-3838
-1546
-1196
-4944
-2223
-3340
-996
-183
-1429
-3671
-2812
-867
-2786
-2635
-4758
-1320
-297
-2722
193
144
-3754
-595
-3608
-1289
-2829
-2164
-2123
160
-2405
-2568
-2595
182
-3169
177
-4212
-3404
-308
-2956
-2123
-2838
-2109
-3352
-1174
-4127
-1511
180
-4096
-1997
-2066
-1451
-2501
-2693
-3622
-1927
-1520
-1516
-100
-3448
-874
-1506
-4314
-1284
-1345
-2105
-4051
-4633
-2852
16
-1168
-1672
-2235
-2099
-180
-4747
-4364
-2363
-2038
-1952
-2561
-3266
-3697
-3077
-624
-3654
-3268
-858
-2482
-1409
-4142
-2421
-2809
-4866
297
-3509
-2939
-2687
-3834
-2998
-394
-4696
208
-2762
244
-996
-2365
-2745
-543
-2563
-3673
294
-1777
-383
74
-2195
-1964
-4216
-1634
-3289
-3359
-2663
-4185
-4949
-4471
-404
-2204
-1626
-2879
-957
-987
-4484
-3449
-2137
-4240
-4141
-226
294
340
-695
-4693
-1455
-498
-3679
-2114
-3125
-3848
-2694
-1704
320
-4290
-1410
-2059
-4438
-1545
256
-479
140
-2804
-1519
-5
-4332
-4503
-168
34
-4455
-4022
-2855
-415
-2514
-1317
-4763
-2114
-3328
-2822
-1636
-3975
-2130
-2565
-4232
-3014
-2931
-3967
-3873
-1870
-2972
-803
-520
-3738
-2144
-2258
-2013
-1859
-4967
-4879
-2519
-4944
-1319
-425
-1338
-2247
-48
-1819
-3661
-592
-638
289
-1842
-4777
-4960
-3657
-1982
-3930
147
-4868
-1179
232
-3121
-4740
-4561
-4396
-583
-2709
-3847
-84
405
-3609
-216
-609
356
-4090
429
-1351
-4479
-4778
-2605
130
-808
-2560
-4461
-4420
-719
-1606
-32
-4263
-2294
-668
-2876
144
-2784
-469
-122
-3448
-2287
-1292
-2008
-4120
-2576
-341
-2565
-4850
-3990
-1781
-3812
-590
-973
-2597
147
-3283
318
-578
-4785
-3353
-4265
-3159
-724
-4979
-2655
-1115
-4022
-2260
211
-62
-2084
-1772
-1010
-1225
-2355
-4263
-636
-1514
-336
-3177
-1223
-2910
-1805
-2127
-442
-3172
-2613
-3078
-3661
-1309
-4589
-253
-4254
-3421
-169
-475
-4659
-1865
21
-1064
-2079
-1942
-4952
-2202
-428
-831
-729
244
-3066
-2614
-786
-4529
-4594
-3459
-2145
-4390
-2698
-1567
-4172
-1528
-3866
-4559
-3341
-2795
-1422
-633
-2718
-1171
-1469
296
205
-188
-2509
-2651
-3590
-1796
-846
-3345
-3325
-4488
71
-2080
-2384
-1298
-314
-4657
-703
-596
-1721
-2009
-3013
-2759
-79
-3515
-2594
-113
-1141
-115
-1311
-2908
-549
-3303
-2117
-1050
-3844
-1582
-4741
-2344
-3677
-3051
-2242
-3663
443
-778
-2836
-163
-141
-1751
-2636
-193
-4853
-1970
-622
-2908
-1767
-4351
-2037
-1908
65
-2842
-850
-2760
-1819
-1114
-613
-3074
-3327
-4539
-3035
-872
-1534
-4667
-3311
-2416
-1871
-2573
-2029
-2645
-938
-2386
-3014
-3801
-4758
-3277
-327
-1542
-4533
-1623
-4836
-385
-2446
-2396
-3867
-2695
-2509
-2819
-3426
48
-177
-3183
-2112
-1486
-2776
-2841
-474
-3677
-1967
-2098
-2344
-2239
-561
-952
-3658
-1420
-505
-1451
-2838
-4236
-4059
117
-2895
-552
-4933
-930
-1919
-2060
-864
-2737
-224
-3771
-4691
-3165
-3001
-1274
-10
-1217
-1216
-2889
-2349
-1512
-4225
-436
-2811
-3774
-4971
-2634
-1578
-3370
-3041
-3725
208
-652
-4593
-1037
-3671
-2474
-204
-1901
-3685
-4727
468
-580
-4574
-2410
-2250
-4026
-2382
-2619
-2860
-404
-1444
-1465
-363
-3715
-404
-3993
-3004
-2635
-4167
-247
-2353
-4433
-2653
-4760
-2413
-3140
-3963
204
-4523
-1947
-2905
-4759
-177
-3637
-3335
-1211
-1149
-1260
-4320
-1663
-133
-123
339
-3218
-3339
-2644
-3592
59
-455
336
-1642
-387
-2356
-1120
-2214
-2317
-135
-3544
-2129
-2040
415
-2516
-929
229
-3813
-4214
-4183
-4520
-4416
140
-742
-1200
-1984
-1949
-802
-3646
-1386
-1331
-211
-811
-535
-195
-2050
100
-1981
-3221
-1005
-4815
177
-909
-805
-1599
-880
-33
-3494
-1887
-4853
-2994
50
-3146
-3827
-4326
-3965
-120
-4770
438
-2905
-3185
-1079
-2969
-1639
-3807
-4148
-3258
-2252
-4846
-2118
-4013
-958
367
-905
-99
-2825
-1975
-367
-4930
-2617
-2500
-2746
-2789
-145
-416
-2351
-535
-1262
-1472
-2015
472
-2619
-4036
-4272
-30
-349
-1105
-3215
-700
-715
-3058
-1893
74
-4778
-763
-557
-3861
136
-1936
-4566
-2899
-3266
-2766
-3044
-4898
-3296
-2722
-4326
-2913
-3963
-4050
-1112
-3783
-201
-1266
-1216
-1991
-1284
-565
-97
-4238
-3328
-2033
-1046
-1058
-4354
-2099
-3911
-2293
367
-3275
-3105
-4660
-1799
-4807
-2739
-579
-3870
-3006
-3964
-101
181
-400
-1545
-734
-4713
183
-1927
-3600
-4467
-4058
-973
-1510
-2083
-4191
-379
-4176
-2175
-4274
-4537
-4083
131
224
-3677
-368
-1843
-4387
-851
-4347
-2886
-3885
-257
-4788
-2370
-4566
-4888
-4258
197
-3071
-264
-2651
-4555
-2473
-2426
-1910
-1611
387
-4563
-1809
-56
-4454
-1997
-4546
51
-4430
-96
-502
-3555
-3264
-1156
-4200
-3396
-85
-273
-4872
-4899
-3826
-3874
-2256
-632
-3972
-2021
-1067
139
-2110
-901
-3878
-2877
-2314
-1337
-3869
-39
-3707
-4638
446
-4755
-2009
-3445
-3677
-4120
-203
-2294
-1497
-1638
-2356
-3981
-2270
-1327
-4492
-1017
479
-2804
80
-3544
-3173
-1669
-1449
-2846
-1355
-547
-2970
-1166
-1517
-3920
-2044
-2608
-760
-4205
-2706
-3219
-662
-4251
129
-4874
-4554
-2211
-2072
164
-626
-2896
439
-3014
-2510
-3531
-1139
-229
-3938
-2672
-1634
-3050
-2966
-246
-2506
-3217
81
-1371
-1209
-1184
-4860
-427
-3929
402
-2545
-25
-2380
492
-1371
-4694
-1725
-1032
-2769
-3231
-2963
-3601
-1513
-3202
-4931
-3589
-3763
-4310
-1174
-469
-4812
-3028
-3399
-3951
-3765
-3491
-3532
72
-976
-2216
-1843
-4593
-2113
-2132
-4882
-4734
-4344
-3176
-3513
-2855
-3952
-1444
-2606
-4875
-3318
-2482
-2602
-4163
-1468
-3226
-29
215
-1398
-2089
-629
-941
-1717
-464
-4121
-3264
-3049
-1432
-79
-1145
-1829
-1429
-3769
-963
-3420
-1797
-407
-1840
-4629
-4473
-16
-4174
-3082
-3226
-848
-3918
-2986
-1663
-4955
-224
-23
-4047
-1585
-4704
-1104
-2765
-3785
-3207
-2101
-4761
-4867
-1456
251
-3402
-2037
254
-867
311
-4701
-4712
-223
-2343
-3816
-2228
-4693
-3859
-1455
-2586
-780
-1698
-787
-635
-2123
-1160
-2556
-2310
-4714
-2572
-2970
-1065
-3943
-1792
-3524
-1610
-4112
-4588
-3967
-2803
-3899
-3501
68
-3806
233
-1630
-1846
-2514
-3276
-3878
-921
-56
-2339
-2812
-3619
-2768
-1297
-523
-1399
407
-1852
-3549
-1577
-400
-3613
-4578
-2735
-2252
-2469
-2771
-118
445
-4242
-1413
-4996
-2258
-4995
-628
-4063
-543
-631
-2212
-4625
-3056
-81
-63
-4140
-1587
-741
-747
-1973
-551
-3310
-1375
-481
-4742
-4983
-654
-418
-2759
244
-221
-3259
-1816
-2167
-30
-2271
-2363
-972
-281
-3960
-4493
-344
-1341
-4429
-1193
-3144
-3070
-3295
446
-4077
-2361
-4879
-493
-157
-1832
-4980
-394
104
-4045
-3663
-3927
-2146
-288
-1652
-1971
97
-955
-4125
-4280
-1429
-4961
-1844
-3951
142
-1041
-4478
-1387
-3237
-1196
-3501
-2750
-479
-388
39
-1940
-3642
-80
-2208
-1152
-3641
-4965
-1330
-1642
-2236
-2228
-1090
-3840
-3065
-483
-4158
-4497
-3300
-3406
-3631
-3098
-2244
-3234
303
-4231
-3609
-834
-1144
-1551
-2501
-1236
-4687
-2308
-1785
-4554
-1598
-2512
-4049
-1060
-1073
-370
-2927
-2663
-208
-3397
262
-1340
-2755
-1262
-1442
-557
-1286
-739
-3007
-3972
185
-4424
-3291
-2496
-203
-598
-2080
-1080
-1437
-4263
-2184
-668
-4605
-1999
-2220
53
-1230
230
-3234
-3022
-2289
-4500
-1012
-1765
-3834
-4201
-292
-540
-3145
-4368
-330
-61
-556
-2368
-1237
-637
17
-3643
-1721
-1777
-1799
417
-733
-4866
-1240
-812
-4944
-4899
-4095
-1483
-2211
-3154
-36
-4012
-3522
-403
-2211
-564
-524
-4181
-1818
-1517
201
-3988
89
-4805
-671
-1716
-4059
-1021
-3666
-2329
-1411
-2442
-2770
-3979
-1392
-1194
-2235
-1513
-1164
-3832
-4958
-2316
-4586
-873
-4174
286
-3535
-1657
-3510
-2938
-1097
-4275
-771
-4389
-3182
-1146
-3303
206
-832
-4259
-716
-1880
-3771
-2176
424
19
-1697
-1864
-496
213
-54
-481
-4501
-4069
-2912
-2987
-186
-1252
-581
-4825
-3369
-2883
-4254
-2010
365
-656
-2665
-547
-3378
-4670
-3166
-4274
-4152
-2744
-1197
-108
-136
-51
24
-2666
-4788
-4401
-2156
-3134
-3432
-3166
-3829
-2780
-3882
375
-2177
427
-3114
-1353
-714
-372
-2093
-3460
-1247
-4836
-3822
-3520
-1702
-2464
-1536
-4759
-494
-1366
-492
-3310
-1292
-1068
-2325
-3702
-4093
-1666
-3235
-82
-781
-75
288
-4398
-648
-43
-745
-2338
-661
-1780
-170
-2880
-2886
-4032
-510
-4168
-4763
-78
-1707
-2136
-774
-1688
0
-2150
396
-612
-944
-2073
-443
-4350
-3064
-564
392
-2193
-1987
-875
-72
-1051
-752
-4752
-2259
-1895
-1009
-2257
-4796
-3214
-4910
-3439
-2771
-4096
41
-34
167
-1816
-23
-687
-3392
-3739
-3059
-2740
-910
-4873
-779
-4244
-542
392
-2716
-3853
217
-2134
-617
-602
-3521
-4691
-4090
-4362
-2286
-1724
-3000
-1014
-1064
-4466
-4442
-2407
-598
-3643
-4275
-4647
-4007
-3468
-620
181
-4693
-670
-1080
-4532
-3306
-3846
-4103
-4830
-2975
-1939
-2816
-3362
-408
-4166
-4591
-2927
-2021
-3104
-3162
-677
-3969
-624
-374
-3466
-3035
-1027
-4664
-4146
-2355
-4907
-3562
-3965
-2458
-4216
-3994
-1860
-588
-799
-1879
-939
-4189
-3872
-1210
-1608
-3128
-4011
-2780
-411
-3302
-392
-3421
-432
-483
-3874
-2302
-2735
-2451
-2332
-57
-1534
-147
112
-4893
-2270
-4439
96
169
-688
-4286
-4606
-3911
-3992
-3641
-245
-3940
-717
-3807
-2589
-4036
-1885
-3348
98
-2699
195
-3593
-3073
-109
-1613
-4688
-2015
-2219
-1001
-3856
-415
-4900
-2674
-149
-848
-2330
-555
197
-588
-3880
-3596
-4383
-1684
-4838
-3749
-1846
-2422
-157
-1797
-3133
-2492
-4543
-3961
-331
-2151
-1020
-1177
-3512
-1428
-1076
139
-1976
-1971
-1191
-843
-2998
-2317
-4746
-626
-2657
-1980
-4096
-3514
-27
-1603
231
-1780
-1489
-4162
-3941
-530
-2946
362
-1739
-3833
-2720
-1734
-298
-4464
-1536
-2917
-1934
-178
-4255
-3171
-2530
-4717
-201
477
-1206
-3017
-2310
-3831
-1743
-4544
-2881
-689
-1864
-4046
-3462
-4313
53
-3360
-2737
-4651
-4590
-1622
-1165
-3181
-4396
-2549
-2780
1
-641
-2778
-2171
-4224
-3332
-175
-611
-3261
145
-3819
-4489
-1835
-2536
-4123
-393
-3100
-3311
-1806
-2642
-862
-1913
-2951
-2743
-988
-2508
-955
-3518
-3500
-1347
-1921
-4215
-4127
-984
-4384
-879
-4111
-1630
-3250
-1934
-3341
-4331
-1525
-2526
-2456
355
-3198
-572
-109
-1266
-4108
-3778
-4382
-354
-1163
-1183
-4165
-2208
-1501
-1777
-512
-3339
-2110
451
455
-3217
-582
-4242
-1604
-4048
-2101
-1727
-1704
-1736
-715
-807
-2265
-608
-2934
-2933
-285
-4378
-2516
-1653
-3407
-1424
-383
-1605
194
-4615
-3043
-4792
457
-852
-250
-4958
-3256
-3855
-2948
-2264
-3883
-1429
-4788
-2940
-4047
-4302
-1661
-4461
-3858
-1539
-2405
-1657
-3458
-4630
-2723
-1603
-3599
-1986
-180
-1344
-4211
-2024
-1333
-4400
-2444
-1617
-158
-3043
-3651
-914
-3882
-1473
-1881
-2777
-2699
-4910
-3744
-9
230
-4600
-3623
-4670
-775
-1342
-1294
-3682
-2472
-1704
-4622
-3480
133
-1708
-3129
-2294
-1254
-4486
-2332
-3022
461
-3190
-4438
-1018
-691
-1002
-4689
-2953
-1614
-4424
223
-879
-1958
-1064
-1555
-3849
-2417
-1743
-2009
-3852
-1027
-2445
-4570
-575
-2900
-1023
-4965
-1289
-3326
-769
362
-684
-3546
-3754
-892
-4597
-4581
68
-1533
-4504
-2019
-3842
-4253
-2627
-2722
-4508
-3455
-4247
-1700
-2072
-2394
-2841
-3107
-3610
-1232
-3384
-2503
-4383
-2012
-2868
-4723
-884
-2334
-2792
-4588
-3267
-3753
-3915
-1146
52
-896
-1058
-3176
-4887
-2457
-4905
-584
-2238
-174
-949
-1781
-2967
-604
-3079
-3091
-3439
126
-385
-4267
-1459
-776
-2598
-47
-489
-3655
-2447
-3547
-467
-4121
69
-2689
237
-4280
-1026
-3288
412
-2078
-3771
19
-3696
126
-463
-1269
-4195
-3694
-1682
-2095
-3387
-3989
34
-3573
-171
-4844
-855
-2784
-1566
-2005
-3146
453
-1452
-4015
-430
-4233
-3236
-348
-2310
-2176
-90
-4607
-2861
-685
-2129
-4294
-1621
166
-3990
-2807
-1725
-2816
-758
-887
-2691
-659
-3927
-1096
-646
-3171
-2203
-4447
159
-2256
-4833
397
-1239
-3384
-3951
-2624
-2012
-179
-4294
-2323
-647
-4803
-3908
-4286
-1459
-4443
-1839
-1820
-1607
-115
-3575
-4189
218
325
-2254
-512
-2079
-1090
-4973
-4666
447
-1586
-1060
-539
-1691
-3393
-1058
197
-2259
-3309
-859
308
-2648
-1808
-1234
-3460
-2515
-111
-3258
-777
-2121
169
-1365
-2180
-448
-3022
-4136
-2318
-4082
-4253
-3798
-252
-2134
46
-4865
-1938
-4182
217
-728
67
-3044
-2417
-1577
-1532
-1685
-1399
-1602
-4209
-4776
-3131
-3085
390
26
-3710
220
-767
-4580
-2162
-10
-2454
-2120
-4572
-4726
-1844
-282
-3274
-3861
-2148
-1869
-2858
-4473
-192
-3373
-4106
367
-2498
-2270
-1458
-2407
-814
-4431
398
-4293
-281
-1700
199
-4587
-665
-2838
-606
-3082
-2202
-1557
-4695
-3745
-4334
-2830
-27
234
-2770
236
-327
-1146
-1436
354
-2000
-1313
-4732
-2053
-593
-619
88
-3339
-990
-758
-1318
-3282
-2448
-2832
-2111
-31
-126
-2416
-1545
-70
-1998
473
-4962
-1747
-4046
-3720
-4752
-4725
-1958
-1264
-1740
423
-871
402
-4242
-3330
241
-3298
-1519
-3082
-3171
-376
15
-24
-4795
-1526
-1196
-3882
-3780
-4496
-3687
349
-3050
413
-1946
37
-3740
380
-1979
-4982
-4139
-1456
242
-3948
-2111
2
-653
-1450
-2675
-1173
-2838
-4331
-3282
-1474
-2994
-4374
-3908
-1166
-1531
-194
-296
-2277
-1852
-2282
-1635
-1752
-2239
-94
-1026
-772
-4910
-629
-1534
-102
-3531
-1708
-1631
-742
-2907
328
-4088
-703
-1881
-1557
-2149
-3850
-3121
-4989
-4478
-2625
-2480
-1764
-3319
-1707
-3633
-3195
-78
-2242
87
-1131
-2731
-2810
-3352
-511
-2119
-3141
-2634
-2872
-2323
-2605
-1027
-1951
352
-1733
-1128
-4462
-3281
-3464
-2155
-3546
10
-2680
-2531
-4355
-1080
-2291
-2427
-4902
-4724
-3130
381
-1802
-422
-2097
-3871
-1948
-2184
-3694
-4906
-3918
-896
-3786
-2910
-3174
-354
148
-2292
-1443
-180
-4378
-1644
341
-3040
-3384
-2916
-629
-3872
-1602
-4969
-2678
-3325
-629
-393
-2221
-2119
-292
-1955
-1181
-4741
-1968
-2933
-3211
-2612
-2827
-1056
-3881
-2760
-1344
-1222
-4540
163
-3693
-2974
-940
-2420
-4530
-2678
-1124
487
-2030
-4630
-4378
-254
-1159
-4370
-696
-3828
-3022
421
-3188
-2918
-3907
-1619
-4080
-3531
-4278
-250
499
-3163
-3272
-4799
471
-1019
-4679
-2389
-986
-1473
-538
-123
-4300
-4154
-3364
-4227
-4499
-4019
-602
-3698
-752
-3121
-19
-1482
-736
-3957
-88
-580
-4838
-2166
-2443
-1548
-4737
-979
167
-923
-2851
-1801
-4834
80
-2816
-2826
-2527
-2116
-3594
-1428
-2986
-2871
-900
-2084
-3379
-2502
-2577
-892
-2143
-4788
-4872
-1076
-420
-711
-4967
-2817
-4006
451
-658
-3903
-193
-978
-4632
267
-164
-483
-2765
-217
-3952
-2278
-1792
-4669
-4356
-3177
-893
-4135
-1791
-52
-1070
-3765
-1388
-4382
-197
-3668
-1045
-1651
-2394
-3760
-1374
-149
-140
-1644
-4715
-3151
-320
100
-1098
-4330
-1194
-1016
-131
-4722
-3549
72
-3634
-4720
-2185
-4367
-2279
400
-1447
-3201
-1681
-2967
-2755
-2217
-486
-245
-2075
-4856
-4772
-4470
-1434
-4769
-2497
413
58
-4188
-4859
-3832
-795
-4003
-1167
-4012
-2796
-4102
-1771
-2546
-185
-4513
-3944
-1340
-1008
-1605
-2857
273
-735
-2283
-4272
-4307
-1034
-1012
-2375
-4885
-4866
262
-4303
-4755
-4111
-1646
-1229
-3997
-4845
-667
-302
-4781
-1086
-4377
-3524
-4940
-1634
-4920
-936
-4526
-1273
-2353
-1968
-4288
-4319
-1665
-4084
-3570
-2702
-495
-2124
-129
98
-4304
-708
-1208
-2351
-4767
192
-4055
-1896
-2984
-3227
-1741
-2757
-3853
-3839
-1819
-4126
166
-788
323
-1616
-3639
-2948
-3877
-2535
-478
-677
-2316
-337
-349
-880
-3137
-229
-1135
-2072
-3992
-1571
-2746
-1365
-1923
-2163
-173
-3873
-3995
-1054
-2414
-3094
-4066
251
-946
-4544
76
-3157
-1771
-2571
-278
-2773
-4177
-97
-4886
-2725
-1913
-3664
-1743
-3244
-3782
-2578
-2207
-732
-3514
427
-1038
-1656
-2246
-2150
-1452
-394
-4559
-4617
-1424
-2680
-3643
-4978
-477
-1390
-3012
-1516
-752
-4560
-2901
-3
-453
-3297
-1792
-3862
-293
-4332
-4818
-1362
-2947
-3303
-204
-321
311
-4974
-351
-3821
-134
226
-1245
-38
-162
-655
-623
-3789
-193
-3403
-3133
-3557
-142
-1722
-1262
-3136
-4944
-1786
-2785
-3122
-843
-3020
-288
-2753
-1251
-926
-4476
-1275
-947
156
-1217
-338
-589
-573
-3130
-1875
-1791
-3526
-2518
-4785
-4340
-785
-1356
-4124
-3477
-4359
-1754
-1845
-907
-1161
-3355
-330
-1016
-1488
-3094
-85
-4563
-3854
-4667
-1101
-2961
-2450
-647
-3260
-2781
-1512
245
288
-4332
28
-385
81
-3232
-1471
-3821
-4240
-277
245
-1744
-4123
-4556
-607
-14
-188
-1443
-4684
-54
-2372
-2778
420
-653
154
84
169
-3598
-4395
-2916
-121
-604
-302
-1206
-3803
-601
-3307
-2641
-4181
-694
-651
-2097
-382
-2697
-1808
-2685
370
-1633
-4569
-770
-3663
-4597
-3229
-1206
296
-3086
407
-3942
-531
-2159
-268
-2690
-627
-2236
-667
495
-2147
-394
-4623
-2724
-2234
-3324
-4321
-1747
-1664
-4330
-4982
-4331
-737
-463
-3959
-1144
-1474
-1169
-251
145
-4391
-3305
-2011
-4337
420
-1270
-3171
-171
-534
-2865
-949
-4518
-551
-2006
-1421
-2094
-1791
-3043
-930
-1388
-3567
-1033
448
-3961
-1523
-4245
-3104
306
-2095
-210
-3657
50
-4807
-3365
427
-3283
-713
-1319
-3647
-3636
-3964
-4588
-3146
-844
-430
-701
-3359
-3248
-1144
-2993
-2746
-4490
-2551
-664
-4871
403
293
-645
-767
-3564
-1175
-4447
-1549
-3696
-2580
-306
-2382
-2562
-1618
-1278
-3538
-965
-2827
-982
-4580
-976
-409
-3690
-4089
-322
-2537
-4836
-43
-4340
-766
-524
-2484
-3487
-2588
-3935
-3547
-2211
-3917
-605
-2760
-740
-4380
151
-4309
-1257
-2664
-3109
-53
-2076
-2438
-2103
-27
-4664
-688
-1006
-1072
-2096
-3770
-2393
-4307
-979
-698
-1965
-4997
-2931
-1910
-302
-4993
-925
-2542
-591
-3997
-4888
-2721
-100
-2264
-795
151
-3890
63
-1045
-695
-166
-4532
-2241
-2154
-2455
-1432
-2616
-2810
-2891
-4751
-2812
-920
-3267
-305
-1984
-4141
-298
-4725
-1035
-4438
-4416
-3556
-4372
-3384
-2093
-2630
-2257
-3944
-1269
-3976
412
-863
-2304
-1951
-3483
-3561
-4730
-3931
-2820
-1798
-135
349
-1491
-2967
-3500
-3336
-1419
-2498
-1503
-4280
-2042
-1647
-1093
-2700
-1134
-2811
-2039
-4843
-109
-2616
-4597
417
-1852
-1040
-324
-1323
-1309
-2460
-3270
-3179
-2339
-2003
-2895
-1508
-2486
-744
-237
-1213
-2608
-922
-2896
-2177
-750
-3532
-1125
-4356
-701
-3078
-1133
-1179
-1439
-1693
-2853
-439
-4740
-380
-3869
-4792
153
-3933
-4288
274
-3451
-2298
-30
-2253
-4085
-4812
-4643
-4006
-826
-1036
-659
-981
-2646
-212
-2035
-713
-1228
-1612
-4934
-552
-1377
-2755
-2242
-1543
-730
-4312
-4415
-1510
281
-4845
-4232
-1816
-1953
-1982
-2388
-658
-2103
-2516
-2291
-2358
-2576
-4758
-3546
-3890
-2220
-1330
-2450
-4902
-2144
-3681
-3064
104
-4512
-4677
-2116
-3448
-169
-1267
-1398
-3604
-2871
-4104
-1997
398
-3323
-2304
-448
-947
-1694
-164
-2982
-4873
-4375
-2623
-4578
-4510
-3285
-4187
-4690
-3457
-837
-2848
-4372
-3477
-582
-4950
-3955
-4650
-2300
-2571
-1648
-41
-1485
-3788
-4386
-605
-3848
-4929
-2042
-117
-4283
-627
-1139
-2913
-961
172
-558
-4176
-660
-4828
-561
-535
-4468
-1848
-653
-2483
441
-3383
-3148
-1277
-3395
-429
-163
-1943
-3984
468
-773
-551
-2460
-1251
-2083
-2655
-854
410
-92
-4157
-802
-3287
-1251
-2491
-2730
-1337
-1574
-3476
-1561
-384
-1424
-4557
457
-2683
42
-671
-1065
-537
-4576
-1498
-440
-4039
224
-249
-104
-4465
-265
-195
-2624
-610
-2379
-1821
193
-4218
-2105
-2440
-4345
-93
-4975
401
-3041
-4436
-3747
-2722
-4226
-3910
-3759
-4369
-1546
-4656
-1463
-3927
-1562
-2452
362
-1076
-4355
-2757
284
-2907
-4186
-722
-577
-3507
-4970
-4884
-3141
-2141
-2055
-3690
-361
268
-3011
-4062
-1420
-426
-3434
-4833
-2678
-2050
-1968
-3448
-3818
-16
-309
-3929
-2534
-4998
-1229
-1883
-1182
-386
-3744
-546
-1036
-4762
-2382
-1104
-2890
-4244
-381
-263
-3318
-496
-1144
-3451
-3182
-3502
-545
-1556
-4255
-2435
-2521
-595
-1363
-4616
-4632
-1246
-3598
230
-3291
-4851
-2472
266
-3819
-2337
-1541
-2483
-1648
-2807
-176
-583
-3070
-2760
-4112
-4377
-512
-2627
-2951
-2951
-833
-3413
-1193
-3211
-1571
-2307
-2625
220
328
-2211
-4890
-651
-851
20
-106
-803
-3279
-1
-3206
5
-1014
-3150
-304
-1817
-2269
-1032
-1067
-3814
184
-1860
-892
-1475
-856
-4162
-1930
-344
-1827
-2145
-736
-3921
-2954
-1646
-2444
-4867
-3298
-3279
-264
-1244
-664
-3803
-4375
-1497
-464
-4550
383
-1433
-1446
-2498
-4247
-3063
-2123
-1066
320
-4629
371
-3746
-4381
-2503
-3036
-2483
-2990
-2562
459
-298
-2342
-2487
-1591
-408
-2641
-4946
-920
-2144
-629
-1536
-3516
-1557
-2182
-118
-1388
-451
-2911
-2704
-3476
-3638
-4325
-2722
-1804
-4710
-3122
-1501
-3639
-1929
-2321
-320
93
-2745
-3387
-1974
-1544
-1111
-26
-2682
-4534
-2104
-2225
-2800
-3342
-2040
-4579
-3238
-2593
67
-4827
23
-2378
-493
-4381
-3997
-4727
-4594
-742
-223
-1385
-2565
-2940
-4212
-1264
-1799
-346
-111
-424
-4588
-1674
-52
-4251
-1002
-2950
-1825
37
-2491
-3359
-1369
303
307
-4803
-3862
-683
63
-4897
-1083
-1598
-4127
-3725
-4977
-1141
-2955
-4553
-963
-4095
-2554
-746
-1386
-2523
-1319
-2130
-2629
-515
194
-2245
-599
320
-3856
48
-3794
78
-3689
111
-1223
-3833
-2217
-2723
-3995
-2120
441
-1611
-3256
-994
-686
-300
-2376
-4865
-2725
-2837
-4867
-1562
-4418
-2259
-1952
-4446
-923
-651
-3480
270
-4241
-3971
-3190
-888
-1984
-2584
-4216
-2308
-4251
-1327
-1845
-4402
-2739
-331
-578
-213
-4888
60
-1289
-2977
-3316
-4320
-2874
-4806
-3632
-3178
-2407
-3557
-4988
-2583
236
-2919
-1223
-271
-153
-4170
-4520
-1742
-891
-2669
-3482
-818
-2797
-3506
448
-2029
-4639
-1656
-3978
-3520
-3020
-1252
-1051
242
-1752
-3114
-2819
-4205
-4395
-4367
-3774
-3192
38
-1517
-2709
-2989
-2958
-377
-3925
-137
-1246
-4972
-4923
132
-2824
-2107
-3326
-3949
-4157
-3656
-4603
-2653
-4551
-2358
-1596
-1971
-3690
-2525
-2690
-2344
-789
-2101
-671
-1363
-2243
-3428
-2443
-3608
-2462
-4014
-4740
-2298
-3021
331
-4370
-3112
-4617
403
-2273
313
490
-4026
-2916
-3005
-709
-4894
-1691
-1838
-1421
-4207
-2849
-4939
-614
-3531
-557
-4980
-4703
-3043
-1692
-2585
-2661
-1443
-4835
-4349
-2634
432
-995
-871
-3191
-4411
-3247
-3462
-2722
-2591
-914
-3844
-1477
35
-4467
-3575
-3044
372
-1267
-2782
-2751
-324
-1559
-3144
-2930
-3860
-1632
-986
-3448
-4985
-3301
-4829
367
131
2
78
-270
-4182
-2870
-3012
-351
101
-4936
-18
-1069
-70
-2162
476
198
-3947
210
-60
-4115
-2769
-184
-87
-2414
-3534
-2394
-4683
-896
-1876
-2228
-194
-4668
469
-1882
-2409
-3328
-3989
-3208
-919
-3486
-992
-1988
-1977
-37
-1181
-1428
-2790
-1033
-2968
-1995
-2032
-4495
-333
-4318
-1015
-3291
-4112
-1228
-3720
-3108
-4859
-2149
-4074
267
223
-1314
315
-846
-2782
-256
-4350
-1361
-2857
-2613
-682
-891
-1013
-1001
-3941
-3832
-4815
-859
-4307
-4757
-616
-1716
-1304
-2001
-4774
-4548
-4587
-4801
-4624
-1304
-2079
-35
-1727
-4676
-3935
404
-2475
59
-2021
-2612
-258
-4221
-1571
-3583
-4104
-592
-3957
-4875
-4601
-2633
-1611
-2029
-521
-3931
-1419
-2551
-4488
-2497
419
-2662
-2102
-198
-1898
481
-1608
-4871
-312
-2885
-3351
-4448
-4444
-4690
-1815
-4053
-3769
-2840
-765
-4913
-21
-3823
-3389
-2592
-3002
-1380
-2231
-176
-4083
-4526
-437
-4684
-3270
-3856
-2504
-1015
-3938
-4783
-108
-1084
242
245
-475
-838
-2146
-1476
-3959
413
-3800
-1887
-884
-1217
-4134
116
-3742
-1685
-699
-3031
-1253
-2485
-2185
-3594
-4462
-4787
-539
-2778
-332
-4150
-3983
-249
-3122
-4666
-3504
-4147
-3494
-1754
278
-3478
-317
-468
-1010
-4373
-1340
368
111
-159
-3009
-503
-2883
-4643
-803
-499
165
-974
345
-786
-617
-196
-4669
-4157
-1871
-883
-477
-115
-4509
-3972
458
-2108
-4129
-4171
-2097
-2258
-1933
-1053
475
-4502
-2563
-3343
-460
-2361
-568
-1404
-4455
-4397
-1643
-4145
-4363
-255
-2456
-338
-3395
-4539
-533
-4136
-1324
-541
-581
-507
-882
-1502
-1189
-2228
-3027
-4782
-2740
-2129
-379
-675
-1385
-1491
-881
-2015
-2628
35
-3034
-887
-411
-2705
-3131
-4489
-3877
434
-2300
-125
-1130
-1477
-2998
-149
-1320
-1367
-4169
-3349
-847
-2805
-2990
-141
-3368
453
350
-850
-4606
-274
208
-93
-3133
-493
-4267
-1
-3307
-102
-3771
-2965
-1266
371
-1005
-283
-2737
-763
19
-648
-1309
-1174
-4643
-850
311
-3834
-1654
-2599
-1951
-309
-904
-1108
-311
-2381
-1878
-3510
-1521
-1714
-4787
-3703
-2565
142
-3087
-598
-2426
198
-1918
-1114
417
-2618
-1626
-1150
-4510
445
-1664
-4608
-1872
-2078
-4861
-1306
-3724
-782
-270
-4892
-3530
-1501
-3876
-1032
-3820
-3574
-2163
-223
-3917
-2385
-4987
-3351
-1814
-894
-3139
-1442
-4613
-4245
109
-685
-4778
141
-2127
-1448
487
113
-3743
-3700
-3560
-842
-3749
40
-2684
-669
-1793
-3629
-1822
-3131
-1505
-1014
-3467
-1507
-4544
-4742
-2076
457
-1229
-2130
303
-2506
-4791
-2086
-1508
-2606
-4952
-1370
-509
-2234
-2498
-122
-2400
-2769
184
182
-1281
-2735
-4365
-366
-2540
107
-716
-2360
-4774
-314
-3970
-3735
-4006
-1098
-4194
-4457
29
-522
-2381
-1251
-247
-4247
-1891
-2857
-3212
-1456
-1848
-2470
-786
-1163
-1512
85
385
-842
-1843
-3265
-374
-1820
-298
-387
227
374
-4199
-3338
292
-4906
-1064
-2460
-3724
-120
-1522
-701
-3206
-4647
486
-1801
-1164
-1173
-3877
-4398
132
-3411
-4249
-438
-2517
-3199
-4020
82
-3120
-4414
-264
-1156
-486
-3587
-2711
-4282
-3318
-1481
-115
-506
-1606
-2555
-361
-2481
-1628
-4733
-2249
-2247
-4325
-714
-2175
-4736
-4750
-902
-1043
-4440
-1971
-2935
-2769
72
-1941
-1343
-2497
-2179
-3323
-1848
-211
-4796
-1183
-2051
-2747
-3801
-894
-1980
-3489
-3369
-2194
-4961
-692
-3799
-1313
-2075
-1680
-2802
219
-1879
-3193
-3922
-2496
-830
-3973
-4228
-4087
-2015
-771
-4279
-36
69
-4302
-1157
-3061
-3340
-1389
-2977
-4583
-613
-797
-2425
-1577
-2870
-236
-4449
-1169
-4546
-4990
-474
-3799
-3368
-1631
-363
160
-4123
-4074
-4596
-4961
-1960
-4668
-2844
-1536
-2688
-1658
-3235
-3507
-2224
-4576
-841
-3631
-1073
-3939
-1374
-4920
-1930
-3415
-4549
-2245
-787
-1316
-4008
-189
-1520
-798
-4311
-2821
-3693
-4554
-487
-4787
-236
-2540
-1772
-917
-3753
-1041
258
-4138
-2521
-231
-337
-378
-2240
303
-2048
-4343
-2211
-3052
-3286
-2078
-2984
-667
-1915
-2582
-1431
-3374
318
157
-1056
-988
-3697
240
-3483
-4186
-3406
-2957
-350
-3703
-2936
-4718
-2135
-4135
-3047
-1548
-3273
185
-268
443
-652
-697
-1281
128
496
-4684
-3776
-1864
-2363
-1258
-1657
-806
-372
-2735
-1689
-4181
-4313
-1193
-2117
83
-1218
-1095
-4676
-2045
356
-4232
-3763
-1665
-4863
-2916
-3477
-112
-4030
-4880
-597
-1694
-1539
-260
-3981
-3295
-1914
-133
-4674
-125
-3064
-4059
-2522
-872
164
-733
-2952
-184
-2778
-160
-4260
-3274
-1829
-4681
-4143
-3777
-3428
-2381
-1437
-1117
-1624
-1868
-3395
-3283
-441
-1962
-621
422
-4969
-131
-3595
-520
-2007
-3311
-541
-1644
-2706
-2670
-4422
-2881
-712
-4326
-2595
207
-2259
-7
-1237
-3452
-2422
-1938
-4055
-2554
-4512
-210
-1908
-3674
69
-2271
-1864
-696
-3637
-2887
-3402
-2613
-1444
-932
-303
-1784
6
-2594
-1853
-2340
-1006
-244
306
-1297
-2739
-4672
-9
-3289
-2216
-1919
-1437
-2393
-3260
-2982
-753
-4648
-4731
-4156
-2009
-3966
-747
-2334
-2027
-1586
-3002
123
-4888
-50
-2504
-3210
-3287
-2998
-136
-383
-2174
-4611
-4133
-644
105
-1467
-867
-3327
-1252
-4019
-4145
487
-2201
-1183
-4114
-2231
-2385
-2569
-2562
-2912
-1208
-3832
-2931
-4642
-1640
-1097
-2669
-185
-752
-1513
-1832
-2742
-2716
191
-2833
-4431
-2098
-3578
2
-4390
-3682
-4358
-282
-3534
-3209
-1441
405
-2380
-3527
-3704
-608
-2372
-3317
-2568
-788
-4819
-473
-3699
-3158
488
-1183
-176
-1126
-4385
-629
-203
-193
-1489
-4224
-3457
51
148
-1507
-295
-165
-2249
-2059
-2374
-1432
-1985
-1093
-2953
-4412
-3196
-1416
-3440
128
-233
-3426
-2503
-617
-3227
-1518
-4831
-3943
-4761
-956
-1137
-506
-1085
-2242
15
-266
-1704
-274
-3754
-2081
-2822
-1170
-1459
-667
-2079
-1611
-367
-1538
-3203
-1858
-3469
-4249
-3421
-3825
-2790
-3686
-3252
-2803
-3462
-3202
-4760
283
-4153
-4287
362
-1377
-3406
-1951
-3592
-3814
-2753
-1762
-2756
-2163
-563
-1240
-3649
490
-4405
-258
-1818
-4946
-1719
-2040
-2836
-142
-3114
-4951
-333
-3393
-856
-1732
-3218
-2450
-377
-244
-1530
-3863
-709
-644
375
-3998
-3382
-3581
-590
-4187
-3738
-1775
-1565
-3031
-2934
-2394
-2342
-2375
254
-4630
-603
-3999
-1519
-4234
-3098
-2653
-174
-3820
-1795
-1275
-691
-3644
-3170
-1729
-3325
-1666
-4048
-1512
-2313
-2515
-2284
-4635
-71
-3437
-1154
-3585
-2118
-998
-2430
-3191
338
-3390
-3905
-4471
-1799
-3455
-3788
-4460
-1706
-3688
-1635
-1746
-4365
-1498
-1381
-4136
-26
-2049
-2782
-4354
223
-2858
-2331
-2866
-2767
-1509
-4960
174
-4344
171
-4456
-1870
-4176
-4601
-3147
403
-1378
-4241
-4505
-4672
-826
-1923
-2350
-2200
-4494
-4084
-4283
-2502
-2878
-4254
-427
409
-2296
-371
-2379
-2836
-1180
-2808
-2153
-4420
-1263
-3046
-1597
-2784
-2354
-1531
-4400
-3096
-3374
401
-1137
-4300
-3698
-1519
-692
-3168
-3693
-1391
-3838
-4462
-1545
-2780
-97
-938
-2323
-2830
-1636
-2042
-1317
-182
-676
-3990
-4113
265
-2674
-1651
-4568
-1698
-1472
456
-968
-2733
261
-1555
-4192
-3961
-4183
-3684
-3212
-1548
-1759
-2378
-8
-2128
-3243
-1757
-4947
-1572
-161
-2410
-3770
-2833
-1867
400
-3576
-1928
-4510
-2185
-1169
-2949
-1626
6
-3024
-763
-3328
-2286
-927
-4699
-194
-2005
-1246
271
-4888
-4949
-2069
-4242
-3015
73
-2316
-1284
-1759
-77
-541
-606
-631
-3731
-2534
-2970
-4715
482
-2585
-1252
-4649
-727
-1115
-2619
-882
418
-50
-1948
-3493
-3219
-1431
-1450
-1952
-4563
-318
-611
-1078
-1525
83
-382
-2854
410
-53
-4919
-1384
-1621
-4647
471
-2010
-3778
-2129
-371
-2564
-1208
-3565
-2820
-202
-728
-1018
-3819
-4571
-876
-2143
-3804
-135
-3275
-2818
-4930
397
-4781
-968
-4803
-2173
-3142
-2274
-4719
-2142
-2518
-1727
-24
-1170
-877
-204
-552
-947
-2798
-505
68
-1090
232
-3582
-1387
-4751
-2022
-4178
-2241
-2507
-707
-77
-2986
-478
-2718
-2286
-4470
-2205
-257
285
-913
-4675
-4563
-2158
-2979
127
-3156
-4190
-3222
-37
-2158
12
-2702
9
-3216
-2649
201
-3368
-3793
21
-4819
-2634
-1593
-736
-543
-4415
-1800
-4361
-2697
-1558
479
-700
-998
-2693
-4768
-1624
-3111
-4816
-1011
-4545
-1896
-3495
-4468
-11
-385
-2036
-4890
-2788
-2092
-4599
-2882
-1803
-4459
-3803
-4038
-4185
-1032
-284
340
-2651
218
-939
354
-3237
-4995
-3963
-1871
-2881
-3942
-1375
-80
-2694
-3460
73
-3598
-4894
-166
-2620
-3622
-2047
465
-3592
-3285
-3799
-4119
333
-2981
-3535
-2465
-3225
-4074
-4196
244
-2830
-1907
24
-1998
-562
-3961
-4078
-4183
-4716
-3893
-4599
-3971
-2682
-3625
-463
-4005
-3298
-633
-2230
-4977
-2495
-4430
-1394
-4772
62
-1495
-804
-4541
-3753
-3386
-4036
-1091
-172
-3410
-241
-3637
-1060
483
-2784
-997
-3361
-1570
-4153
-1419
-4807
-853
-2430
-2718
-4303
-1267
98
9
-650
-367
-4109
-3158
-4406
-2743
-1079
197
-4705
-1360
-3387
-2812
-936
-471
-4451
113
-3053
-3169
-1002
281
-4155
-141
-3064
-289
250
-2456
-4759
-4068
-1622
-2614
-2813
-787
122
-2158
-1201
-3238
-3106
-4177
-2054
493
-2921
-4167
-1184
-211
-1467
-2606
-2057
-2022
-2190
-3930
-39
-2628
-1403
-345
-2994
-250
-4625
-4619
70
-3449
-4877
-4712
-3179
-3227
-4197
-566
-3738
-2029
-3301
-1154
-4962
-1956
-3484
-1634
288
-1979
-1018
-2263
-3396
-3032
-678
-622
-144
180
334
-3310
-2317
489
-500
-1816
-235
-643
-1289
-3166
-67
-1505
-2914
-2503
-4037
-2139
-380
-2054
-1906
-3273
-1119
-3555
-3821
-2749
-126
-1912
-643
-3853
-3278
-4557
-1520
-992
-278
-3426
-4265
-3289
-2997
-1427
457
-3447
-2253
-4143
-3423
-1815
-3857
-1589
-1970
-1478
-135
-2626
-4731
-1499
-2074
-2627
-683
-2391
-2549
249
-2118
-2937
-3130
-3852
-4171
-2998
-1718
-323
-3466
-3648
-1038
-968
-3681
-416
-2284
-1902
-956
-3877
-2561
-4295
-2208
-824
-3455
477
-4583
-4084
-4935
-4617
-1516
-4987
-1938
-828
-3780
-1280
-2458
-1144
-1432
-935
301
-4699
-3220
-1934
-4880
-3522
-4546
-501
-715
-1403
-681
81
-656
-1832
-4404
-3652
-4906
-3654
108
-936
-3815
-1330
-2725
313
-4543
-654
-2378
-2369
-4551
-104
-484
-3149
-4743
82
-668
-799
-1450
-2678
-3659
-464
-4369
-601
-1751
-2712
-4127
-3329
-1112
-176
-3600
-655
-2631
-4759
-4835
-686
-773
-725
-4036
-3615
-3810
329
-3202
-3149
-4551
-3408
-4943
-4951
-2670
-3578
-1612
20
-1485
-4418
48
-1254
-4211
-1148
-1304
-3446
-3143
-1840
-1972
-4986
-2160
-4984
-3873
-3321
-2168
119
415
-3063
-188
-4149
-3034
-2121
-175
-3894
-2952
-2159
-2247
-1925
-3324
-3005
-1358
-2209
-4228
-1535
-1493
-3029
-3245
-1884
-562
-4242
-2727
-3425
-2731
-359
-615
-1090
264
-2530
-636
-3308
-4837
436
-1571
-2747
-798
-1948
-464
-3808
-2152
-632
-3212
-699
-4930
-3126
-366
-1720
208
-4823
452
-4344
-583
-1234
-2441
-3469
-2988
-1123
-3498
-3419
-4610
-1646
-3575
-1333
-4279
-3468
-2716
200
-4383
-3782
474
-2363
-2496
-4478
-2616
59
-3601
-3740
-4561
-4320
-4488
87
-3765
-2477
-4290
-3614
-1008
-4190
-3441
-570
50
-622
-1787
-4006
-4457
-727
-1642
-3900
-2555
-3390
-1401
-210
-1947
-2539
-3786
-3450
-107
-2095
-3944
-214
-792
-8
-442
-3518
-1963
-1281
-3965
-1733
-25
-1675
-2014
-156
-4845
-3415
-3422
-4226
-4899
-3197
82
-1203
-3064
-2242
-273
-1427
89
-2171
-1472
-888
-4658
-4233
125
-778
-3547
-3350
-380
-359
-1844
-3062
-4013
-4455
-1917
-2617
-4518
-722
-4962
-4875
-3826
252
-3460
-4581
-2990
-2389
-3927
-4006
-50
-4916
-3926
-2001
-2824
-229
-627
337
-3406
-2854
-3067
-2544
-3786
-4859
254
-1590
-4095
-1679
-4220
-1469
-3674
-3307
-3992
-1878
-903
-2844
-731
-3705
469
-4951
-2388
125
-4328
-4194
-2302
-2234
-4888
125
-3715
464
98
-4626
-2587
388
-3638
-2293
-1419
-2672
62
-3142
-2969
-4053
-2299
-3229
-1892
-4440
-4148
-3047
-4677
-410
-3298
-3570
-3606
-671
-803
-4338
-2614
-4139
-4725
-3254
-1528
-990
-2759
-2735
-4262
-3999
-2236
-4771
-1257
-1558
69
-2089
-108
-4599
-2105
-3013
-3022
-4307
-2906
-2618
-863
-2632
-2584
-2609
-276
144
-872
53
-3975
-3470
-4249
-4932
-4941
-4653
-2017
-4522
-2314
-858
-4267
-3157
-395
-1662
-617
-1014
-1456
-3497
-4693
-4289
-3753
365
-965
-1100
-2299
-4220
-1773
-3879
-4510
-4751
-1579
-3710
-1425
-2248
-634
-3676
348
-3747
-1931
175
-195
-3469
-4644
-4211
-2191
-3261
-2236
-4258
-4985
190
-2162
-3119
-1496
-4298
-4150
-4758
-90
-3930
-1068
337
-550
-1684
-750
-4072
-4270
-2477
-1406
-3405
-3560
-1451
-2389
-3198
-100
-8
-1309
-4955
-1838
-251
-4609
-2081
-632
-796
-2606
-3795
-867
-3964
-4614
-64
-4424
-4867
-2188
-3253
-457
-770
-2141
-892
-3462
-3272
-851
-816
-4807
-4303
-1392
-408
-2326
-981
-2489
-4714
-4504
-946
-1250
-3618
-3571
394
46
-1983
198
-1304
-3132
-2870
-92
-4893
-2321
-3234
-229
-4227
-2085
-2005
-1421
-105
-3226
-1039
-4684
-423
-2739
-865
-9
-988
-18
-3158
-2025
35
-306
-2383
-2053
-3966
-2376
12
-2391
-1951
-4507
65
-1536
-4525
-4477
-1980
-2694
-102
39
-101
-359
-924
-4482
174
-1329
-931
-1914
-3052
-1165
-2959
-653
-169
-3592
-1426
36
-2576
-3615
-2016
-4487
-446
-2930
-2856
-4323
-3674
-116
216
-4807
-1169
-1338
-4148
-3697
-296
-1244
-1822
-480
274
-2317
-587
448
-1991
-250
-4960
-4966
-489
-4741
-4886
-4134
-1154
-3192
-3587
-835
-2373
-4515
-3486
-3248
457
-2951
177
-2387
-753
-4756
-2742
-1426
-82
272
299
-4192
-4033
-2775
-3607
-3649
-1901
-3088
-754
307
350
-4369
-4299
203
-4223
109
-4786
-643
271
-2718
-2407
-1654
-2559
-481
-2171
-478
-2404
-2491
-910
-932
-4485
-2864
-149
-1592
-435
-768
-4580
365
-3407
-3554
-1118
-2160
6
-4360
-3512
-1305
-3605
461
459
-1424
-4737
-3285
358
-4366
-1677
-2899
-392
-283
-1269
-1151
-2205
-1568
-3766
-4138
-671
-1389
-2171
-528
-2387
-2206
-3368
-78
-211
-1636
-1288
-2097
391
-2334
-3075
-1670
-4436
-2832
-1604
-1000
-73
-4773
-4815
-3729
-3472
-1773
-4001
103
-53
-1740
148
-4880
-472
499
-1545
-1969
474
-4806
-235
-2374
-1423
-2029
-3176
-1850
-231
-4062
-4076
-4028
-2343
-773
-896
-4140
-35
-1503
406
-550
-1739
-4672
-800
213
-700
-4213
100
-4849
-4814
-4989
-2135
-3618
-2821
-843
-1940
-2907
221
-247
-232
-955
36
-3485
-3655
-2619
-3393
-1068
-1650
-1907
200
-4105
-3299
-1295
-3732
-3636
-3680
-2257
-2682
-4523
-858
-1406
465
-495
-4413
-4238
-1683
-1595
-898
-2379
-2948
273
63
-3569
-1025
-813
-2584
-2548
-1949
-570
-490
-3337
-4817
-2735
-3452
439
-4682
-2783
-504
-4972
-3478
80
-587
-3601
-2169
-4398
-789
-2913
-2989
-2237
-86
-1513
-4853
-1440
-1904
-4993
-1607
-4909
50
-1819
-3276
58
-3426
-3467
-981
-961
-2761
-2970
-777
-848
-1214
-1873
-3112
-839
-4616
-3435
-2414
-4895
-3805
-4890
-2323
-3341
-1427
-1175
-550
-1683
-355
-3661
-987
486
-3691
-903
-2472
-4457
-4564
-3352
-3911
-2589
-2676
2
-4170
-4306
-776
-347
-201
-3963
81
-774
-1556
-4454
-2380
-2371
-1601
-3229
-3708
-4774
-2369
-739
-2078
-4667
-4048
-1529
-386
-3265
-2056
-4362
-643
-4728
242
-4906
-3607
-2981
-2089
-3697
-788
206
-1893
336
-4461
-1427
-2804
-1963
-4293
-1746
-865
-927
-3080
-960
-1499
-440
-3399
-43
-2298
-3816
-2525
-996
-4005
-1751
-2367
-2267
-2667
-1789
-3381
-3770
-1192
-2956
-4354
-2537
-3606
-4133
-2974
-3371
-945
-2808
-3144
-2841
-1026
-718
-4159
-2966
-1661
-2324
-4005
-2862
-1386
-4697
-3817
-4329
-2332
-4246
-705
204
-3103
-4878
-4062
-4472
-1503
-1879
-1237
148
-1641
-789
-2150
-4868
140
-32
-715
-4483
-1968
-3753
-3543
-110
-4614
-318
-4631
-3927
-44
-286
-4140
-4066
-1895
-4908
-4207
-2559
-4121
-1246
-3828
-3959
-3355
-3892
-703
-4643
-1694
-3710
-1471
-1683
-3328
-2063
-4652
-4071
-4499
-2822
-2612
-2419
-2996
-2402
102
-3432
-3449
-2666
-3827
-546
-273
-2882
210
-1195
-893
-4487
-4613
-79
-1439
-3120
-614
-1395
-943
-4570
-1659
-299
497
-3480
-2133
264
-3795
-2674
-3610
-2400
-1329
-3810
-1144
-4910
-207
-1255
-3068
-1725
-3297
-4229
15
-3563
-2289
-3720
-2782
-3964
-2700
-1257
-2825
-2546
-3954
-2689
-3535
-1554
-710
265
-4603
-473
-2942
-2264
-2689
-3082
-1660
-2175
-753
-3450
-3945
-1416
-226
-2379
-4261
-1213
-4255
-2909
-916
-3942
-3172
-3120
-2635
-380
-3099
-1914
-833
-4224
347
-4310
-146
-329
-3093
-722
-213
-611
-4841
-2553
-2963
-4753
-3515
-577
-2972
-2871
-3274
-2063
-4161
26
-1635
-3521
-3391
-1837
-4153
-3291
-3973
-1174
-3529
-959
180
-1149
-4403
-1930
-1634
-1417
-447
-2927
-3480
-3047
-4239
-3864
-989
-2770
-3531
-2895
-3752
-2503
342
-102
-1048
-3094
-377
-3411
-1405
-3337
-57
140
369
-300
-2903
-1266
-3842
-2240
-1180
-2672
-2215
-2580
-1222
-3196
-3694
-470
-4131
-2358
-4083
-988
-552
-4068
-1955
-4141
-4931
495
-3916
-2869
-4926
-1086
-4832
-3549
-974
-4900
-4991
-3752
-4038
-4432
-2249
-3115
457
-934
-755
-4120
-1943
-4702
-259
61
392
-3385
-3387
283
-1213
-652
-3629
96
-4583
-2877
-2780
-4684
-3828
-1098
-1771
-2850
-1896
-1523
-2632
-4913
-2267
267
-943
-2288
-2616
-4637
-3547
-1115
-4049
-2301
-4283
-1062
-2086
-907
-2600
-1893
-4507
-2368
-4167
12
-692
-4343
265
-4934
-4549
-4248
-23
-1485
-4863
-1996
-795
-2178
-395
125
-2541
-472
-2702
-4718
-2921
-1922
-1983
-1739
-2432
-1090
-1866
-750
-4756
-4459
-2578
-1933
57
-4905
-2674
-2064
-4453
-2348
244
-4208
-418
-953
396
-1666
-3367
-721
-4009
-779
8
-3068
-2061
328
-1284
-2438
-819
-3714
-2166
-4746
-805
-2468
-445
-2446
-3627
-713
-3110
-1764
-1267
-1347
-3982
-4818
-3669
-3336
-3209
-2541
-2564
-1153
-2866
-3151
-3543
-4140
-4181
-2023
84
-3581
-3697
-4596
-3056
-3863
-1059
-3563
-2328
-4427
-3235
-3482
-4026
-3890
-28
-3992
439
-3504
-2308
-3296
-4087
-661
-2539
-3812
-2408
-1704
18
-1798
68
-1512
-3390
-1661
-2536
445
-3538
-64
-1998
-1216
-4288
-815
-2414
-2438
-4918
-3704
-4594
227
-3157
-4595
-3063
-4436
-333
-4080
-1205
-3964
365
-1021
-131
-2176
-1242
-4204
-3131
-3479
-2999
-1525
-4030
-545
-813
-1375
52
-3094
-1302
-4436
-3918
-1155
-282
221
-4616
-913
-368
-3400
-1580
-2315
-4852
-4411
-553
-3466
-4053
-4417
-2499
-557
-890
-401
-4725
-1207
-4498
-3081
-698
348
-3582
-3749
-1080
-2280
-4324
-4623
-2295
-4828
-164
-158
-4879
-2172
-2253
-2791
473
-2935
-2359
-3651
-1029
-4064
-1530
-4004
-159
-1914
-3006
-151
-3704
-3415
-1442
-3636
-3232
-3656
-1118
-765
-1102
-518
-1285
-2825
-892
394
-1170
-131
-609
-243
-128
362
-1338
-977
-2449
-3300
-2283
-2955
-4415
-51
-2234
-3907
-1215
-1569
132
-2979
-1329
-3515
-4164
-304
-109
-3903
-3356
-4045
-3598
-3045
-1720
-609
-1211
-1476
-906
-802
-4308
-3070
293
296
-2395
-3778
-4752
-247
476
-4366
-1384
-2180
-4509
-2999
-3951
-4938
-1162
-2974
-4343
-3153
-4353
-775
-1016
-4512
-3822
-2650
-2282
-691
-2505
495
-906
-2591
-2304
-3598
-4657
-3644
-1791
-4356
-2786
-1510
-1073
-115
-1935
-2969
-2575
-28
166
-642
-1257
-2870
-3843
-4320
-3499
-1646
-3438
-2694
-1536
-4300
-2829
-1240
-4769
136
-3615
-4668
-980
-4399
-3075
-3073
-2394
110
-1726
-3642
-3941
35
-2104
-4875
-411
-1976
-1514
-2227
65
-1652
-4732
-3357
-1237
-2743
-1921
-3429
-67
-3889
-4205
-4380
452
-3749
-4733
-3545
-1077
-1431
-1909
-1691
-1908
-2753
-4877
-1033
-3808
-3732
-2241
-2101
-1656
-1347
-2582
-4078
-646
-4305
-987
-120
-3456
-4047
-3188
-489
-1519
-3679
-2201
-195
-1238
-4674
-1546
-4312
-292
-478
-4931
-4809
-1028
-3845
-4705
-747
-582
-4430
-3969
-3736
-2332
-5
-4061
-4554
-4795
-4860
-4181
-3635
-944
-2778
244
-4426
-4999
-2429
-3899
-2389
-3
-4194
-3067
-631
-2072
-348
459
-666
-1658
-1169
-2708
-2216
173
-158
-2679
-719
-2165
-79
-2513
-2905
-3833
-89
-3725
-3332
-4743
-3185
-3414
-2563
-1780
247
-4283
-2149
-1532
-4657
383
-4167
-849
-4787
221
-4305
-704
-3926
380
-4656
-3769
-2701
-926
-3045
-3600
-3772
-4208
95
-4191
-4585
-2645
322
-1974
-506
-3778
492
-3485
-1681
482
101
183
-4063
-3593
159
-819
61
-3619
-3724
-3513
-1069
145
-4091
-346
-1745
-844
-365
-3994
-2459
-2767
-4326
-4966
-2144
-3660
278
213
-3580
-1240
-4765
-1633
-1003
-3521
-1667
-1366
-857
-3342
-2259
-48
-1879
-3319
-4139
-2580
-979
-1747
-3728
-4324
-2755
-3994
-207
-540
-3607
-2971
-4610
-807
-1494
-528
413
-4949
-4366
-1627
-841
-3265
-3530
-1072
-3740
255
-599
-3412
-2132
-4084
-1087
-282
-1228
-4748
-2722
-4608
-1479
-1096
-4150
-2676
-3466
-3626
-500
-2524
-876
-755
-2750
-4003
-2377
-4995
-2802
-424
-4877
-1185
-350
-721
-1739
-2200
-2610
-1866
-3731
-3234
-72
-2575
-3674
-1900
287
-4030
-4490
-1838
-1040
-4164
-4955
-402
-1407
-2962
-2771
-1332
-4182
330
-227
-3290
-836
-3203
-3974
-4568
-555
-3491
-4043
-778
-639
-3315
-264
-3694
-3231
-1211
-3409
-1966
-1194
-113
-4592
-893
-591
-3958
180
-2403
-111
4
-3222
248
-1987
-2804
137
-1875
-1378
-3008
334
-966
-3879
-1176
-3111
-4200
-2789
-3890
-4303
469
-411
-4868
-3462
-2656
-2362
-406
-4755
-3269
-3696
-3507
-2860
-1308
-2224
-617
-4846
-4173
-4633
-3017
-310
-3830
-3870
-2857
-3858
-3857
430
-2870
-13
-4981
-2888
-3561
-2713
-4669
-478
-3479
-4272
-4968
-80
-2579
-481
-4706
306
-916
-283
-3166
-1535
-3278
-3096
-1734
-4514
-1800
-4216
-4856
-2887
-3510
-4228
-1147
-4396
-3252
-4426
-1548
-4832
-3902
-3467
-3189
35
-282
-731
-2574
-2598
-1775
-1007
-519
-2972
-868
348
-2955
-4165
-2295
-2338
-3742
449
-1751
-3335
-4591
-4050
-2573
-1644
-4657
-4919
-2034
-2317
217
-4559
320
-3481
-432
-3490
-2737
-57
-1634
-1202
398
-4667
-742
-3747
-461
-3740
-182
403
350
296
-4761
-830
-2112
-4815
-2265
-4558
-4513
-2901
-872
-2592
-3367
23
-3589
-3431
-1589
-3266
-682
-1936
310
-3965
-3501
390
285
85
-3157
-1223
-4218
40
-4562
-4117
-3083
-3992
-2436
-850
-2550
-54
-3478
-2758
-570
-4987
-1575
-4861
-4888
-439
186
-1680
-56
268
-1399
-123
-3239
-4344
-4395
-2392
-4952
-3087
-3008
-1552
491
-1854
-2314
-2437
-2002
-4896
-765
-2697
-3036
-1037
-946
-3005
-4667
-4853
-4966
-1738
-1973
-1433
-365
-1939
123
-1969
-996
-2641
-1294
-2190
-1008
-3645
-4108
-2794
-3093
-2882
-3462
215
-3211
-2675
324
-2697
122
-137
-626
-1619
-1646
-4777
-3309
-2879
-4491
-572
-1697
-3487
356
-1388
-608
147
-3795
-3411
-3267
-561
-866
-773
-4289
-3138
-858
-1159
-794
-1003
-2373
-305
-1215
-1023
-1019
-4889
-4866
-3241
-4552
-1481
-4019
-2863
-362
-756
-1741
-290
-1868
-3568
63
-3792
-2213
-2739
-2237
-4725
-285
238
-1856
-3814
226
-2764
-2465
-4423
-4817
-3739
-1528
399
-1527
-2746
-215
-4662
-1179
-4529
-3066
-393
-2238
-4704
-844
-3426
-587
172
-2410
-573
-3631
89
-365
-2617
-2736
-330
-3254
-383
-4837
-4565
-2358
6
-386
-1425
-4230
-2297
-736
-794
-1697
-2983
-4261
-2428
-1397
-4267
353
-274
-1744
128
-3760
-3710
-4554
-4740
-1286
-4671
-4456
-996
-2841
-1185
-1927
-2121
-1189
-4431
-1529
382
-1586
-4577
-1007
-2784
-562
-2595
-3177
-3261
-533
-2867
-4698
-4477
-1727
-3689
-4248
-1721
-3901
-4196
-2
-2387
-1883
-1675
-3957
-3856
-3205
-677
-4935
-497
-2247
-3639
-4323
-1295
-3072
-4754
-4123
-1756
214
-3134
96
-4042
-3920
316
-1189
-1096
-3952
-7
-635
-540
-1597
398
-2559
-1185
-1726
-1275
-967
-2152
-1500
-4171
-4567
-4439
-3243
-1522
6
-2412
-4476
-2513
-4571
-1543
-4933
-2016
-4298
-37
168
-1360
-849
-289
-3634
-1082
-4516
-931
-1249
-2046
256
-4227
-1223
-3272
-3424
-142
-629
87
-3661
-3994
-2188
418
45
-1035
-4259
-138
-424
-1022
-1781
-1372
-268
-786
-2944
-1964
-1328
-1582
-4094
-1146
-1640
209
-2302
-2320
-302
-191
-799
-235
62
-888
-3076
-2950
-4626
-1843
-4469
-2592
-505
-3115
-4625
-2901
-4895
-3000
-2355
-3111
160
-1836
-4549
-3392
-1432
-2786
-3693
-4954
-2134
-1235
-2922
-2004
-537
-1341
-2808
-1504
87
-3953
-4220
-4685
-975
-118
-589
-4436
-4983
-4494
70
-918
-857
-1195
-2487
-2927
492
162
-4665
202
-854
-2385
-2414
-4477
-982
-1296
-4570
-931
-2870
-3092
-2753
-1979
-3920
-2772
-4139
-2318
-2010
-4897
-2641
-3140
-861
-2466
-4001
-4803
-2565
-1778
-4485
-1124
-3889
-3289
368
-1392
-3186
-1232
-389
-866
-88
-4640
-3955
-2420
-2287
403
-1814
-1818
-867
109
-1086
-3691
-1429
-3066
-3833
-2265
427
-3550
-3552
-426
-4117
-1183
-195
-4432
-3232
-3339
-2727
-3168
-2152
-2145
393
-1711
-156
-3107
-1917
-4617
-2861
-3120
-2208
-854
-1151
-4568
-2260
-2568
-3041
-1823
-285
-323
-3248
-1187
-570
-2834
-2039
-1546
434
-3582
490
-4551
-378
-4895
-125
20
-831
46
-3995
-3066
-117
-3563
-1609
-208
-249
-4728
397
-3022
-2310
143
-1105
-4334
-678
-2103
-3796
-3116
-4016
-1016
-781
-2432
-1381
-3326
-1292
-4118
-827
-3687
-1406
-3204
-4026
241
170
-4080
2
-2040
-4708
-2785
-488
-611
-1942
-535
-419
-4804
-4359
-4571
-651
85
-1106
-1369
-3591
-2301
-1744
-3373
-24
-3090
-278
-1388
-2275
-2784
-3358
-3172
-2160
55
-3579
-2934
-887
-1528
-3224
-3543
-163
-482
-4061
443
-2503
-2940
124
-2142
-3205
-2492
-3150
-4296
-694
-3145
-2877
-2561
-3660
-2929
-3102
-977
499
413
-2173
-4640
-3777
-1237
-2561
-3774
-4291
-4834
-3617
-974
-3438
498
492
-4870
-2374
-3525
-99
-2960
-3126
-2287
-1302
-2939
-1480
-1619
-3179
-2987
-2002
389
-951
-4790
-294
-4761
-1883
-2488
-3771
87
-1397
-608
-2255
-20
211
390
-3855
-16
-4461
389
-532
-1989
-2709
-3139
-3484
-4146
263
371
-1730
168
-2550
-1115
-1566
-2153
-4938
-4998
-2879
-797
-62
-4907
-2634
-436
-3070
-4932
-2097
70
-1986
-1108
350
-714
-693
-3622
-4254
157
-1934
-409
-1067
-2195
216
-3041
-2365
-455
-1705
-3779
-1226
-717
-4023
-3581
-2701
-3121
-4616
-411
-4328
56
-2360
-2522
-1527
-286
-880
-4235
-3933
-607
-399
-3103
-2983
-1826
-643
242
-3249
-2403
-4985
-4164
-1245
-848
-1262
-4179
-252
-2147
-1368
-3366
-3722
-653
-1531
-1322
-2365
-1643
-727
-848
-2698
394
-2646
-2887
-4204
-759
-4450
-4521
-679
249
-1901
-1492
-1343
-905
-2833
-819
-4100
-2946
-1201
-4580
495
-801
-390
-3998
-758
-2980
-4811
-3147
-1963
300
-1874
-4589
-120
-1021
-4159
-2594
-1119
-1642
492
-1448
447
-2902
-1390
-329
-4742
-2340
3
-2417
-1131
209
-4058
-1406
-4307
-375
-4322
-4922
-3389
-1263
-1281
-3456
48
-3898
-3069
-4190
-4653
-3446
-2472
-3537
348
-4049
-3463
454
256
22
-2021
-1362
-904
55
-3115
-3552
115
-4834
-4070
-117
-4833
-1470
-4110
-824
-4310
-2498
-3190
-4888
-1308
-4918
-269
-2320
-3056
141
-2226
-975
-293
-4479
446
-887
-4048
-4831
-2690
-1110
-4313
-1357
-905
-3992
-2649
-4176
-4037
-744
-1899
-746
-4254
-4774
-4679
-1320
-2593
-564
-1370
-260
-2578
-1907
-1857
-1337
-192
-711
-4888
-3150
-621
-2822
-1489
-3298
-480
-4215
-3342
-1586
446
-1454
-4401
-1428
-895
-1857
-3963
-4358
-891
-2997
-3072
-2941
-4177
2
-276
-4657
-4541
208
-177
-1653
-1118
268
-1575
-3396
-2944
-1434
-3338
-4373
-4387
-3211
-3977
-2497
-4153
-3732
-1372
-2312
-1516
-2884
-416
-4062
-3541
-4002
-4950
-511
-4745
-720
-3821
-1111
-3273
330
74
-2189
-4894
-3351
-1445
-1200
-83
-3092
-4544
-2946
-1859
-3147
-4315
-2474
-4178
-3347
-1185
252
-3802
-4975
-3462
-1714
74
-4665
-2966
-4410
-4691
-1046
139
-2727
-4545
-3571
-3661
-4991
-117
224
-2945
-493
-2618
-1882
-1648
-4855
-4224
-2284
-1053
-4939
-328
186
-4758
-1175
-943
-3434
499
-4050
-4362
-1926
-1965
-1179
-2239
-4331
-1748
-2139
-2715
-4047
-1147
-885
-1275
-1427
-1621
-2475
-591
-3866
-1381
-2355
-1733
-4372
-122
-3522
-1690
-2512
-3770
-2116
-559
-1695
-4434
-1849
-3212
-4721
-182
-2280
-1298
-3126
-2467
-4623
-2722
-2501
-4752
-4333
-220
-4208
-4884
-4581
-2884
-642
-480
-3101
-455
-4590
-3123
251
313
-1385
-3696
-2475
-1070
-2099
49
-321
-2249
-151
-4463
-1979
-81
-3981
-2002
-3428
-4135
-3039
-2951
-3378
-4334
-1726
-282
-4109
-3231
-4672
-822
-4465
-871
-4947
5
-4011
-1116
-931
-265
-184
190
-4344
221
-2590
-1218
-1866
-3814
28
-2885
-4227
-1905
-3549
-4812
-4655
-3136
-745
-2949
-4420
-4331
-940
-3040
-4182
-1945
-1679
-3285
-786
-4106
-1081
-2826
-3540
-4008
-2705
-767
-2700
-2389
123
-490
-3821
-2245
-702
-4245
-4192
-3694
366
-2195
-2291
-2993
361
-3134
-1020
-3198
-3613
-4885
-4749
-2817
-1586
-4175
-3728
-1088
-2732
-932
-713
-2338
-2098
-4184
-4952
-27
-2108
-3616
-4167
-4730
-4900
-2513
-3246
-3871
-4416
-957
-650
-1347
-3374
-3869
-4522
-3230
-2888
-125
-3482
-3284
-2531
-3574
-2217
-490
55
-1772
-4967
-4326
-1690
-3315
-3293
-2136
-715
-930
-1995
-350
-3544
-1097
-384
-4230
-325
-4036
-3429
-336
-4005
210
-545
-3999
-3922
-3504
-4400
-3311
-1087
-1
-932
-355
-403
-1567
-4364
-1828
-3348
-4675
-3848
-2914
-321
-3215
-1959
-3849
-3121
-3500
180
-4086
-1808
-4114
-1729
-4353
-3050
-3429
-1936
-4476
-4331
-3377
-1297
-4726
90
-1476
-2232
-373
-3214
-2112
-1705
-4755
-2132
-4553
-4740
-4220
-2423
-1696
-1554
-3617
314
-2480
-1269
-1727
-752
-1578
-1694
-1824
-4041
-2701
-3748
-34
-4336
-2642
-4432
-1421
-2554
-1511
-4756
-1136
-2761
-1194
189
-562
-2398
-4620
-2841
-1370
-3433
-4656
-2748
-2860
-1106
-2376
-2845
-2360
-691
-4476
-2926
-1363
369
-51
-4726
-1825
-3099
-1144
-2759
-2379
-4405
-532
-4697
201
-2118
-2879
-895
-4618
-2769
-4030
-1753
-3978
-4036
-2112
-383
-1817
-4207
-1137
-4131
-1060
-2628
-3048
-4430
-3927
-4714
-2616
-4851
-2069
-1043
-3016
-271
-4680
-2968
-3286
-2926
-3653
-2971
-2467
-3207
231
-2946
371
-4790
146
-995
-2346
-1305
-2376
-4089
-4258
334
-194
-126
-3984
-2475
-350
-490
-2291
-2745
-479
-2661
458
-3975
-3833
-1296
-2207
-4515
-622
-131
-4951
110
-2351
-170
-3793
439
-3153
-2064
-4581
-4925
-2091
-1939
-3820
-3984
-3209
-414
-3722
-108
-3085
-3640
-3213
-4340
195
-780
-3686
-1343
-972
-666
-3789
367
-369
-167
-668
-1714
-1507
-2872
360
-1355
-4668
-569
-4514
-2128
353
-1618
-672
491
-166
-4709
-3955
62
-1625
468
-1986
-3628
-2622
-1539
27
-659
353
-1778
-3460
-2231
-2600
-2784
-2439
-4294
-1250
-904
-103
-1919
-4294
154
-2694
-1355
-2766
-1617
-2391
-4480
-2603
-2970
-4895
-3931
-983
-4475
393
-4960
-4717
-3468
-3815
-4355
-2787
-1444
-408
335
-17
-1470
-722
-985
-1451
209
-2645
-4294
-2515
-3240
-2999
-94
-3293
-1607
-4682
-3937
-524
-678
-2508
-1446
-339
-2184
-3153
-2841
-2911
-1758
-3089
-865
-4577
-3168
-2082
-1200
138
-2514
-2676
-4479
-2772
-521
-3842
-326
-1871
-2066
-1446
-4551
-3389
-1354
-3921
-2715
-721
-4115
-1063
-2866
-1157
-2231
-3153
493
-694
-2511
-651
-2266
-616
228
31
-1687
-647
-1314
-3228
-2098
-1296
-4462
-2666
-3542
-2396
-1021
404
-750
-3116
-207
-300
-3538
-2648
-1389
5
-2955
-2502
288
-4365
-4183
-1587
272
-225
-878
-1657
-4875
-3595
-4452
-517
-423
-2990
-307
-2295
-3923
-3735
-435
-4659
-1788
-3123
-1876
-635
-4600
-2243
-4322
-2414
437
-4563
-1412
-4747
-3608
-667
-3341
-3811
-2649
-1696
30
-2104
-3911
-3238
-4455
-4530
-3365
-4088
298
-807
-1953
-4011
-2426
-1710
-877
-1816
-4188
-2569
-42
-4414
-1671
-1032
-898
-705
-3021
-3389
-1048
-1835
120
-498
-4624
32
-554
-3500
-1457
-4152
-4642
-345
-3164
-4042
-4040
-61
-4734
-1578
-279
-1420
127
-2866
-3460
324
-4759
-3953
-1966
133
-1146
-58
-2897
-714
-3923
-2001
-4863
-4267
-900
-1190
-3439
-4337
-2282
-638
-4693
35
-2296
-288
-2446
-305
-1742
-76
-3752
-1716
-4351
-2934
-2707
-3785
-268
-298
-3328
-2312
-1363
-3534
-2657
-3020
-3964
-208
-1261
-3238
-1157
-4929
-4603
-4236
-1165
-4151
-156
-2461
-404
443
-3060
-3475
-4832
-41
-906
-3993
-4489
-873
-2214
-724
-2200
-2309
-876
-2915
228
-2550
-3882
-4965
-2613
-3323
-4952
-4151
-3334
-4287
167
-999
-462
-4577
-2079
-3084
-3127
-966
-3333
-3709
-2340
-134
-3602
23
-42
-4991
-3680
-64
-799
-1560
-2770
-2563
-1948
-4228
-4493
-1830
-4419
215
-23
-2319
-2277
-4070
-4983
-2556
-1312
-1016
-1032
-5000
-1318
-4700
-3397
-4783
-4560
-2219
-2305
-860
-1038
-3215
-3347
-3601
293
-2558
-2880
-2307
-1216
-2060
-1078
-3674
-1556
-1211
-4462
353
-3770
-3852
-1547
-3474
-3814
-2277
-582
-609
-2880
-4703
-2435
-3172
-4448
-3492
-1
-188
-4951
-4336
-2499
497
-826
-3071
342
285
-4949
-3705
-2808
-3625
-2931
-1625
-4571
-1096
-1170
-2887
-3219
485
-3253
-3212
363
104
-3079
-3384
-4828
-3814
-2832
-2657
-1216
-2227
-1805
-4796
-620
-4477
-4993
-1620
-3715
182
111
-2360
-1302
-3694
-3088
-3098
448
-198
-4258
-932
-3604
-4968
-197
-2287
-3857
-2555
-699
-2561
-2046
-3012
-3163
-3474
-299
-269
-64
-2950
-810
-3252
-268
-3364
-4080
-188
-2870
-689
-1908
-2549
-1436
-3102
-4994
-3424
-1929
-1748
47
-1996
-3022
-4762
-119
-2295
-4943
-3580
-1660
-2863
-2329
-1836
-2139
-2952
-1063
-2876
-2952
-4866
-2267
-4219
-1630
-3445
-2631
-451
-3989
487
-2746
-998
-280
103
-413
-2819
-4704
-2779
-174
-447
80
-2122
-145
184
-4484
-2709
-2340
-3867
-2347
-1407
-3194
-4306
-697
-2697
-1066
-1530
-747
-2541
-1532
-4340
-460
-3927
-4326
-604
-4701
-1658
-2678
59
-3073
-2964
-3699
-2830
-4557
-3385
-2465
-1874
-1448
-3996
-1588
-3275
-1644
-541
-2174
-2715
229
-1183
-4802
-713
-1047
-3369
-1913
-4821
-1335
-1763
-1795
-3489
-3601
-4487
-1300
-4991
-67
-2850
-2406
372
-2809
-2908
-1681
118
-3479
-2247
-4951
-156
-297
-3369
-2061
-2781
-2223
-2486
-1488
-139
-231
-1353
-70
-1575
-1965
-283
-2144
-2639
-3028
-509
263
-1939
-3969
-1275
-1767
-693
-152
-1929
273
-1071
-3540
-2021
-2550
-523
-3845
-3069
92
-4869
-4027
295
-2507
-241
-139
-1225
-3953
-3774
430
370
-2485
-1160
-28
-1487
93
-579
-1486
-1163
-3180
-4649
-4156
-3494
-4229
-1075
-465
-4529
-4131
-2945
-3612
-3779
-2421
-916
-4472
-3873
-1773
-4305
-2582
-942
245
-117
-4565
-1349
-2999
-2005
-3478
-1198
-1864
-4772
-707
-92
-59
-2755
-4136
-1521
491
-641
-4956
-3189
-1372
-4071
-1738
-4265
-1367
25
-3387
-1402
-4572
315
-3732
-3767
-1141
-1748
-1524
-4718
-2371
-862
-653
-1832
-958
-1587
-2486
-4887
-4339
-159
-2429
-1312
-1895
-1042
-3269
-4050
-4222
-3452
-3003
-725
-1024
-1354
235
-3044
-2938
-1500
-1851
146
-3625
-2549
-3111
-2806
-4247
-1136
-4279
-4922
-2015
-4859
-658
-854
-1220
-832
-3650
-4599
-3113
-4732
-1158
-129
-4656
437
-1014
52
-3927
249
-2298
-4272
-220
-4569
-377
-829
-984
-1486
-2609
-2320
-1164
-3768
-1260
-358
-3622
-1311
-930
-1017
-3149
-1835
-4165
-2250
-3436
-3309
-2429
-287
-285
-3461
253
-4084
-3826
-2328
-4295
-2652
-1431
-993
-625
-2300
-1443
-1824
-3421
-779
-770
-4015
200
-3890
291
-1036
-1841
-162
-4203
-949
-843
240
-107
-2312
342
233
-500
410
-1574
-4369
-275
-1436
-769
-3857
-796
-2018
-1097
-1148
-1866
-810
-2031
-1532
-3646
-1540
-3775
-858
-806
-2430
-93
184
-2752
-3613
-862
-620
-1264
-374
-3807
-202
-2264
-221
-1027
-2611
-2605
-3235
-2533
-981
-4901
-985
236
-3358
-4467
-2581
-508
-4512
-1826
-823
56
-4347
-461
146
-952
-4585
-603
306
-977
-3203
-4867
134
-3308
-4791
-4947
-1784
-1875
100
-1052
-925
175
-2278
-3290
-2011
-3156
-1557
-1548
-4370
-2228
-1447
-3649
74
-3433
-3578
-1294
-3775
-604
-1661
-3474
-236
-2516
-774
-3066
-4843
-3092
-2240
-924
-2003
-2909
-2027
-4923
-1943
-2235
-3812
-1313
-3406
-1821
-3225
-1850
-268
-1825
-182
-3537
-3350
-4784
-3849
-2350
-3886
-1408
-266
-2596
-4983
-1223
-82
-3773
334
-3693
-2078
-1133
-10
-2448
-2224
-2841
268
-3462
-3968
-255
-1251
-4253
-4930
-1704
-493
179
-2268
-3152
-2032
-2509
-2043
-3392
-3340
280
150
-3325
-3444
-4667
-488
-3652
-3128
-2283
-2834
-74
-401
-3675
-2854
-3704
-1403
-2936
-1970
-2753
-1683
-4947
-1203
-2332
-3318
-1778
-3490
-2514
-2114
-2197
-607
-830
-1626
-898
-332
-707
-3201
297
-968
282
237
-1093
-3713
-1831
-146
-494
-1147
426
-3871
-2840
-556
-4126
-3206
-3722
-2668
-233
-1463
-818
-4005
-1021
-2947
373
-2149
-4068
-926
-885
-3740
-838
-2975
-608
-4772
-4236
-1674
-3074
-2241
-4130
-4668
-1592
-261
-465
-610
-4
-516
-4863
-3439
-2669
-4866
-4503
-1161
-859
-3848
-425
-3629
-3419
-383
-3564
0
-4877
243
-3262
-4666
-4438
-2487
-2944
-2345
-1479
-780
-2464
-2025
-1067
-4792
-1859
-1131
-2754
-2469
-2526
-2520
-141
-4927
-2798
-4493
-3980
-4541
-4955
-2238
-349
359
-95
-3337
-2828
-2569
-4498
-1778
-4526
-3687
-841
-1162
-1682
-3118
-4331
-644
-328
333
-2093
-4151
-723
-339
-1959
-2229
-4074
-1289
-2043
-790
-2062
-1720
-1889
-3537
-3384
-4879
-4842
-1371
-597
-2785
-4293
-3576
-3047
-363
-1933
-3046
-4083
-2824
-4895
110
-1858
-4107
-630
-3674
-3715
-3183
93
-2143
-4294
-2649
-3089
267
-4061
-4126
-541
-2759
-349
-3605
-4310
-3965
-2053
-4684
-690
-1473
-3935
-2473
-136
-977
-4621
-3641
-2698
136
-4828
22
-626
-2602
-4797
-2490
-2956
-2891
-2184
-324
-1736
-2326
-4132
-918
-1356
-702
-3163
-2648
-680
-4028
-1966
-2537
-3012
-758
-123
-3830
-3344
-1340
-1078
-3496
-4163
-4355
-4413
-4000
-3759
-4798
-3633
-3580
-737
-2411
-1790
-363
-156
-1163
-2633
-1777
-1787
-2144
-4958
-58
-997
-1674
-4540
-973
-2281
-3904
-3843
-1031
-112
-2368
157
-2791
-2869
-325
-2054
-2023
-2471
-711
-1366
-679
-1794
-1462
-4989
-4417
-2216
-1663
-3759
431
-2343
-1622
-2001
-1381
-4225
-1305
9
-3098
-829
-2357
-1735
-1593
-3463
385
-4918
-4493
-296
-3628
-1520
-93
128
-4466
-1748
490
-2803
444
-2946
-4548
-3755
-1496
-4655
-3037
-2114
-2341
-3852
-2687
-167
202
-4733
-1382
-1777
-2469
-116
-1627
83
-4056
-203
-4387
-3942
-1513
95
-1315
-835
-2671
-3419
-1300
-358
-2393
-4422
-4203
-1541
-1421
-4123
-1626
-3232
-1586
-3258
-3760
-2278
-3778
-244
-1652
-3153
-2863
214
-4840
-731
187
-4667
-2892
-1238
-356
-3878
-4128
-2229
-3806
-222
-1180
-1153
-614
-3432
-524
-2844
-4177
-562
-4505
-2705
-2609
-4129
-3699
-1725
-4158
-1117
-2383
-1821
-517
-3453
-418
-2463
-2810
201
-1925
344
-3475
107
-1783
-4129
-293
-4875
-3631
-4340
-2330
-4011
-552
-3971
-615
-2246
-535
-2454
-1545
-87
-288
-694
-4609
-2211
-3269
-2739
257
-2344
-2988
320
63
-1286
-4280
-2915
-1333
-1277
-1974
-3764
-3997
-4807
-811
-1051
-3129
-3470
-205
-923
-1210
-558
-442
-1004
-4998
-97
-3585
-2638
-2844
-3928
-3859
195
-2158
-1663
-139
-1311
-2700
-1458
-3470
-2471
-530
-980
375
-1941
-926
-1800
-4884
14
-291
-4323
-4725
-450
-3603
-3405
-4280
-4109
454
-4030
-2074
-1301
-3452
-4504
-2829
-1549
-1691
-1768
-2204
-1639
-2137
-2021
-3566
-4463
-3414
-3299
-3603
-1150
-3134
-98
-728
-869
-4233
-3056
-4262
-1344
-4554
-9
-1536
-2699
-2556
-4105
-786
-4992
-465
-4744
-772
-1939
-2073
-1227
-66
-1355
-2210
-156
-1039
-3778
132
-3122
-3645
-4045
-690
-939
290
228
-4197
-415
-2040
197
-3773
251
-2454
452
-27
-3641
-2670
-2113
-1415
-3006
-3998
-4264
-1117
-1495
-3207
-1845
-1212
-4923
-4116
-2681
-1363
-2818
430
-641
-1358
264
-1962
-653
-1718
257
395
-1040
-2423
-126
-2723
-358
-2509
-3281
-1692
-3516
-159
-4923
-3061
-594
-308
-1960
-3540
-587
-1995
-1454
-268
-3388
-375
-2026
-3492